STATIONS_ID;MESS_DATUM;QN_3;  FX;  FM;QN_4; RSK;RSKF; SDK;SHK_TAG;  NM; VPM;  PM; TMK; UPM; TXK; TNK; TGK;eor
       3379;20231125;   10;  15.4;   5.5;    9;   2.5;   8;    1.200;   1;   7.1;   5.1;  947.30;    0.5;   81.00;    1.5;   -0.6;   -1.6;eor
       3379;20231126;   10;   8.3;   3.3;    9;   0.0;   8;    0.700;   3;   7.5;   5.5;  953.40;    1.1;   83.00;    2.4;   -0.4;   -1.4;eor
       3379;20231127;   10;   7.7;   2.4;    9;   9.5;   8;    2.600;   1;   7.5;   5.3;  944.00;    2.4;   74.00;    4.9;    0.8;   -0.3;eor
       3379;20231128;   10;  17.7;   4.9;    9;   6.7;   8;    0.000;   0;   7.8;   6.0;  937.50;    1.5;   88.00;    4.5;   -1.4;   -1.9;eor
       3379;20231129;   10;   8.8;   2.4;    9;   0.0;   7;    3.800;   3;   6.2;   4.6;  945.20;    0.1;   76.00;    3.3;   -2.2;   -4.8;eor
       3379;20231130;   10;   5.0;   1.4;    9;  17.9;   8;    0.000;   2;   6.9;   5.3;  939.90;    0.3;   85.00;    1.6;   -1.3;   -2.4;eor
       3379;20231201;   10;   3.8;   1.1;    9;  37.1;   8;    0.000;   4;   7.8;   6.0;  939.10;    0.4;   95.00;    1.2;   -0.7;    0.1;eor
       3379;20231202;   10;  10.4;   3.1;    9;   6.8;   4;    0.000;  41;   7.9;   4.6;  946.00;   -2.5;   90.00;   -0.7;   -5.5;    0.1;eor
       3379;20231203;   10;   5.7;   2.0;    9;   0.0;   0;    5.500;  42;  -999;   3.5;  960.20;   -5.1;   84.00;   -1.1;   -7.9;   -0.1;eor
       3379;20231204;   10;   5.2;   1.5;    9;   0.9;   8;    0.200;  37;  -999;   3.2;  951.60;   -6.7;   86.00;   -2.3;  -10.8;   -0.4;eor
       3379;20231205;   10;   8.8;   2.1;    9;   0.4;   6;    1.000;  31;   7.7;   5.8;  947.80;    1.8;   83.00;    6.2;   -3.0;   -0.3;eor
       3379;20231206;   10;   9.1;   3.3;    9;   0.0;   8;    0.000;  25;   7.7;   6.1;  952.70;    2.5;   83.00;    3.7;    1.1;    0.1;eor
       3379;20231207;   10;   6.2;   2.1;    9;   0.0;   0;    8.100;  18;   2.6;  -999;  957.20;    0.6;-999;    5.3;   -2.9;   -1.9;eor
       3379;20231208;   10;   5.8;   1.7;    9;   6.9;   6;    0.000;  17;   7.7;   5.2;  950.90;    0.4;   81.00;    3.5;   -3.6;   -1.7;eor
       3379;20231209;   10;  14.7;   2.4;    9;   7.2;   6;    5.300;  13;   7.1;   7.4;  949.60;    4.7;   86.00;    9.0;    2.9;    0.1;eor
       3379;20231210;   10;  16.0;   4.9;    9;   3.1;   6;    3.800;   5;   6.8;   6.6;  950.20;    6.8;   67.00;    9.1;    5.1;    0.5;eor
       3379;20231211;   10;  14.0;   4.5;    9;   0.1;   6;    0.000;   0;   6.1;   8.7;  947.60;    8.2;   80.00;   10.1;    5.8;    2.6;eor
       3379;20231212;   10;   8.8;   2.5;    9;  13.6;   6;    0.000;   0;   7.8;   9.0;  947.40;    7.5;   86.00;    9.0;    5.7;    3.2;eor
       3379;20231213;   10;   9.6;   2.7;    9;   3.9;   6;    0.300;   0;   7.8;   8.7;  941.20;    7.4;   84.00;    9.3;    5.3;    4.6;eor
       3379;20231214;   10;   8.7;   2.7;    9;   2.7;   6;    0.000;   0;   7.8;   7.8;  953.40;    5.2;   88.00;    6.4;    4.0;    3.6;eor
       3379;20231215;   10;   8.1;   2.8;    9;   0.1;   6;    0.000;   0;   7.8;   6.7;  971.30;    4.0;   83.00;    4.9;    2.5;    2.4;eor
       3379;20231216;   10;   4.0;   1.5;    9;   0.0;   0;    3.100;   0;   5.6;   6.6;  977.80;    3.7;   83.00;    7.2;    0.4;   -1.6;eor
       3379;20231217;   10;   3.8;   1.1;    9;   0.0;   0;    8.000;   0;   5.0;   5.7;  976.00;    2.2;   80.00;    8.9;   -1.6;   -3.2;eor
       3379;20231218;   10;   4.2;   1.5;    9;   0.0;   0;    7.900;   0;   0.3;   6.1;  971.60;    4.1;   76.00;   12.6;   -0.6;   -2.4;eor
       3379;20231219;   10;  11.9;   2.4;    9;   0.6;   6;    8.100;   0;   3.8;   5.2;  962.20;    6.1;   59.00;   13.4;   -0.7;   -3.0;eor
       3379;20231220;   10;  15.0;   5.1;    9;   1.1;   6;    0.000;   0;   7.1;   6.3;  955.80;    4.9;   73.00;    7.2;    3.3;    2.0;eor
       3379;20231221;   10;  21.6;   8.7;    9;   8.0;   8;    0.000;   0;   7.5;   7.1;  944.60;    6.8;   71.00;    8.8;    3.8;    3.0;eor
       3379;20231222;   10;  20.3;   7.5;    9;  14.2;   6;    0.100;   0;   7.7;   7.6;  942.70;    5.1;   86.00;    7.6;    0.6;    0.1;eor
       3379;20231223;   10;  23.6;   9.6;    9;   1.6;   6;    0.000;   0;   7.8;   7.3;  949.80;    6.9;   73.00;    7.7;    5.7;    4.9;eor
       3379;20231224;   10;  22.7;   8.6;    9;   5.8;   6;    0.000;   0;   7.9;   7.7;  952.20;    8.5;   69.00;   12.2;    6.6;    5.1;eor
       3379;20231225;   10;  17.2;   6.1;    9;   0.0;   0;    6.100;   0;   6.7;   5.6;  952.90;   11.0;   43.00;   13.0;    5.9;    3.4;eor
       3379;20231226;   10;  12.4;   3.4;    9;   0.0;   6;    1.900;   0;   7.3;   6.6;  956.70;    7.2;   65.00;    9.3;    2.9;   -0.1;eor
       3379;20231227;   10;   6.7;   1.9;    9;   0.0;   0;    6.300;   0;   6.8;   6.7;  959.50;    6.5;   70.00;   11.3;    1.9;   -0.7;eor
       3379;20231228;   10;   7.8;   2.6;    9;   0.0;   6;    3.200;   0;   6.2;   5.1;  958.20;    8.8;   45.00;   12.0;    2.6;   -0.6;eor
       3379;20231229;   10;  15.1;   3.8;    9;   0.0;   6;    1.100;   0;   7.2;   7.6;  955.90;    9.4;   64.00;   11.2;    7.5;    4.9;eor
       3379;20231230;   10;  11.4;   3.5;    9;   0.0;   0;    7.300;   0;   6.9;   7.4;  955.90;    7.7;   71.00;   11.2;    3.7;    0.4;eor
       3379;20231231;   10;   9.7;   2.5;    9;   3.5;   6;    1.000;   0;   7.8;   6.1;  948.40;    4.7;   73.00;   10.3;    0.3;   -2.1;eor
       3379;20240101;   10;  16.4;   4.3;    9;   0.0;   6;    5.200;   0;   6.1;   6.2;  951.10;    5.1;   71.00;    7.1;    3.3;    0.3;eor
       3379;20240102;   10;  22.5;   5.7;    9;   1.0;   6;    0.000;   0;   7.5;   6.7;  944.40;    7.5;   64.00;   11.1;    3.0;    1.7;eor
       3379;20240103;   10;  22.3;   7.5;    9;   1.6;   6;    3.800;   0;   5.9;   7.4;  941.00;   10.1;   60.00;   13.0;    7.1;    5.7;eor
       3379;20240104;   10;  19.5;   6.6;    9;   0.0;   6;    1.500;   0;   7.3;   6.9;  945.80;    7.4;   67.00;    9.1;    4.3;    2.3;eor
       3379;20240105;   10;   4.9;   1.7;    9;  12.7;   6;    0.000;   0;   7.6;   6.7;  944.00;    5.1;   77.00;    8.6;    2.2;    0.6;eor
       3379;20240106;   10;   6.2;   1.8;    9;  15.3;   8;    0.000;   0;   7.7;   6.9;  945.80;    2.8;   92.00;    5.0;    0.4;    0.1;eor
       3379;20240107;   10;   9.8;   2.9;    9;   7.3;   8;    0.000;   2;   7.5;   5.4;  950.80;   -0.6;   91.00;    0.5;   -4.0;   -4.3;eor
       3379;20240108;   10;   7.8;   3.4;    9;   0.0;   8;    0.000;   9;   7.5;   3.7;  959.30;   -4.1;   81.00;   -2.9;   -5.7;   -7.0;eor
       3379;20240109;   10;  11.0;   3.4;    9;   0.0;   7;    4.000;   8;   4.2;   2.8;  962.20;   -6.5;   76.00;   -4.5;   -7.9;  -11.4;eor
       3379;20240110;   10;   4.4;   1.5;    9;   0.0;   8;    4.500;   8;   7.6;   3.5;  963.10;   -5.4;   86.00;   -3.4;   -6.8;   -8.1;eor
       3379;20240111;   10;   4.8;   1.5;    9;   0.0;   7;    0.000;   8;   8.0;   3.6;  964.70;   -5.8;   91.00;   -4.7;   -7.1;   -6.7;eor
       3379;20240112;   10;   5.5;   1.7;    9;   0.0;   7;    6.500;   7;   5.4;   3.7;  966.00;   -4.8;   87.00;   -2.6;   -5.8;   -8.4;eor
       3379;20240113;   10;   6.7;   2.3;    9;   0.0;   7;    0.000;   7;   7.9;   3.7;  960.40;   -5.1;   89.00;   -3.7;   -6.9;   -6.4;eor
       3379;20240114;   10;  10.6;   2.5;    9;   0.0;   0;    6.900;   7;   6.8;   3.9;  949.00;   -2.8;   79.00;    1.0;   -5.4;   -8.4;eor
       3379;20240115;   10;  16.1;   4.9;    9;   1.7;   8;    1.500;   7;   6.0;   4.2;  943.40;   -1.0;   74.00;    1.8;   -2.9;   -8.7;eor
       3379;20240116;   10;   8.8;   2.3;    9;   1.7;   8;    2.000;   9;   6.5;   3.5;  947.90;   -2.3;   68.00;    0.6;   -5.3;  -12.5;eor
       3379;20240117;   10;  10.0;   2.9;    9;   9.7;   6;    0.000;   7;   7.7;   6.5;  934.90;    2.8;   85.00;    8.8;   -5.2;   -8.8;eor
       3379;20240118;   10;  15.7;   4.3;    9;   3.6;   8;    1.000;   0;   7.6;   7.4;  934.90;    5.0;   83.00;   11.3;   -1.8;   -2.1;eor
       3379;20240119;   10;   6.1;   2.2;    9;   0.0;   7;    2.400;   2;   4.7;   4.2;  957.10;   -2.4;   82.00;   -0.3;   -5.4;   -6.9;eor
       3379;20240120;   10;   7.4;   1.7;    9;   0.0;   0;    8.800;   2;   0.6;   3.2;  967.30;   -3.9;   71.00;    1.5;   -8.6;  -10.0;eor
       3379;20240121;   10;   6.5;   1.6;    9;   0.0;   0;    7.300;   2;   4.5;   3.6;  966.70;   -1.9;   68.00;    4.8;   -7.9;   -9.0;eor
       3379;20240122;   10;  17.3;   4.1;    9;   5.3;   6;    0.400;   2;   7.0;   5.6;  960.10;    4.9;   62.00;   10.8;   -2.7;   -5.2;eor
       3379;20240123;   10;  19.3;   5.4;    9;   2.2;   6;    2.100;   0;   6.3;   6.9;  966.00;    5.9;   74.00;    7.5;    3.3;    2.6;eor
       3379;20240124;   10;  23.5;   7.5;    9;   3.0;   6;    0.500;   0;   7.8;   9.0;  963.30;   11.0;   68.00;   14.2;    6.0;    4.8;eor
       3379;20240125;   10;  11.9;   3.8;    9;   0.5;   6;    3.700;   0;   7.4;   7.7;  966.60;    7.9;   72.00;    9.6;    6.5;    4.8;eor
       3379;20240126;   10;  14.5;   4.4;    9;   5.4;   6;    0.500;   0;   7.0;   8.7;  965.70;    8.2;   80.00;   11.9;    2.7;    0.0;eor
       3379;20240127;   10;   5.4;   1.9;    9;   0.0;   0;    8.900;   0;   1.1;   5.5;  973.20;    2.7;   75.00;    6.8;    0.1;   -2.4;eor
       3379;20240128;   10;   6.8;   2.3;    9;   0.0;   0;    9.100;   0;   0.7;   5.3;  970.70;    2.9;   72.00;   10.3;   -1.8;   -4.4;eor
       3379;20240129;   10;   3.5;   1.3;    9;   0.0;   0;    8.700;   0;   4.8;   5.1;  969.00;    3.3;   70.00;   12.4;   -2.6;   -4.6;eor
       3379;20240130;   10;   4.4;   1.2;    9;   0.0;   0;    7.800;   0;   7.0;   5.4;  969.70;    4.7;   67.00;   14.1;   -1.5;   -3.6;eor
       3379;20240131;   10;   5.0;   1.7;    9;   0.0;   0;    5.400;   0;   5.4;   6.6;  970.20;    6.5;   68.00;   11.7;    2.8;    0.1;eor
       3379;20240201;   10;  10.5;   3.5;    9;   5.5;   6;    0.000;   0;   7.3;   8.3;  967.40;    6.7;   84.00;    8.4;    4.5;    1.8;eor
       3379;20240202;   10;  11.9;   3.9;    9;   0.1;   6;    0.000;   0;   7.8;   7.0;  968.80;    6.8;   72.00;    9.2;    3.9;    2.5;eor
       3379;20240203;   10;  12.3;   3.7;    9;   0.3;   6;    9.100;   0;   2.5;   5.9;  965.80;    8.8;   54.00;   13.3;    5.7;    3.1;eor
       3379;20240204;   10;  12.4;   4.5;    9;   0.2;   6;    1.500;   0;   7.9;   7.7;  963.90;    8.2;   72.00;   11.0;    5.4;    4.4;eor
       3379;20240205;   10;  12.7;   4.9;    9;   0.0;   0;    7.700;   0;   4.9;   6.4;  961.40;   10.0;   54.00;   14.6;    5.4;    4.2;eor
       3379;20240206;   10;  11.2;   4.1;    9;   0.0;   0;    9.300;   0;   5.6;   6.0;  956.70;    7.8;   58.00;   11.8;    4.3;    3.0;eor
       3379;20240207;   10;  19.0;   6.7;    9;   1.6;   6;    3.800;   0;   6.6;   6.7;  948.80;    8.3;   62.00;   11.1;    5.0;    3.5;eor
       3379;20240208;   10;  16.3;   5.2;    9;   0.1;   6;    0.600;   0;   7.9;   8.7;  942.00;   10.2;   70.00;   13.3;    6.9;    5.8;eor
       3379;20240209;   10;   5.3;   1.5;    9;   0.0;   6;    0.300;   0;   7.5;   8.8;  933.90;   10.2;   71.00;   13.1;    7.7;    6.1;eor
       3379;20240210;   10;   6.5;   1.6;    9;   1.7;   6;    0.100;   0;   7.9;   8.1;  927.80;    8.4;   75.00;   14.5;    4.8;    2.6;eor
       3379;20240211;   10;  15.3;   4.1;    9;   2.4;   6;    0.000;   0;   7.7;   7.7;  934.00;    6.7;   78.00;    9.8;    4.0;    3.6;eor
       3379;20240212;   10;   9.4;   3.3;    9;   1.4;   6;    1.300;   0;   7.7;   7.2;  944.80;    6.6;   74.00;    9.5;    4.4;    3.5;eor
       3379;20240213;   10;   7.6;   2.4;    9;   0.0;   0;    7.300;   0;   6.3;   6.4;  957.80;    5.8;   70.00;    9.7;    3.5;    0.4;eor
       3379;20240214;   10;  10.2;   2.7;    9;   0.1;   6;    2.500;   0;   7.9;   6.9;  960.80;    8.6;   61.00;   13.7;    3.4;    1.6;eor
       3379;20240215;   10;   5.0;   1.8;    9;   0.0;   0;    7.400;   0;   7.0;   8.3;  958.50;   10.6;   66.00;   16.1;    5.5;    2.6;eor
       3379;20240216;   10;   8.7;   1.9;    9;   6.1;   6;    5.700;   0;   7.7;   8.5;  956.80;   11.2;   66.00;   18.0;    5.1;    2.6;eor
       3379;20240217;   10;   7.4;   2.2;    9;   1.3;   6;    0.800;   0;   6.9;  10.3;  967.40;    9.7;   85.00;   11.9;    7.3;    5.4;eor
       3379;20240218;   10;  11.9;   1.8;    9;   2.7;   6;    6.100;   0;   6.6;   8.8;  967.80;    9.0;   78.00;   13.7;    5.2;    3.4;eor
       3379;20240219;   10;  13.1;   4.7;    9;   2.3;   6;    2.200;   0;   7.7;   8.1;  964.80;    8.0;   76.00;    9.9;    6.8;    6.3;eor
       3379;20240220;   10;  11.6;   3.6;    9;   1.0;   6;    2.000;   0;   7.5;   7.2;  965.70;    6.4;   74.00;    8.3;    4.5;    2.9;eor
       3379;20240221;   10;   8.6;   2.2;    9;   0.6;   6;    7.700;   0;   7.6;   5.7;  958.80;    8.4;   53.00;   13.7;    4.0;    3.3;eor
       3379;20240222;   10;  15.4;   2.4;    9;  11.1;   6;    0.000;   0;   7.8;   9.1;  941.00;    9.6;   76.00;   11.5;    7.9;    6.7;eor
       3379;20240223;   10;  14.8;   3.7;    9;   0.0;   6;    0.100;   0;   7.1;   6.4;  939.00;    5.0;   73.00;    7.8;    2.8;    1.7;eor
       3379;20240224;   10;   9.4;   1.9;    9;   0.0;   6;    6.500;   0;   5.7;   5.8;  943.40;    4.9;   67.00;    8.7;   -0.3;   -2.3;eor
       3379;20240225;   10;   7.1;   2.4;    9;   0.0;   0;    8.100;   0;   3.9;   6.4;  944.00;    6.9;   66.00;   11.9;    3.4;    1.0;eor
       3379;20240226;   10;   6.4;   2.2;    9;   0.0;   6;    3.900;   0;   7.7;   6.0;  940.10;    6.6;   63.00;   12.9;    1.5;   -0.3;eor
       3379;20240227;   10;   5.5;   1.8;    9;   0.0;   0;    1.100;   0;   7.9;   6.9;  948.80;    5.3;   77.00;    8.0;    3.0;    2.9;eor
       3379;20240228;   10;   4.7;   1.6;    9;   0.0;   0;    0.000;   0;   7.9;   7.4;  957.60;    5.5;   82.00;    6.4;    4.5;    4.5;eor
       3379;20240229;   10;   6.1;   1.9;    9;   0.0;   0;    3.100;   0;   5.3;   7.3;  952.50;    5.7;   79.00;    9.4;    2.8;    0.7;eor
       3379;20240301;   10;   7.5;   2.1;    9;   0.5;   6;    0.000;   0;   7.3;   7.8;  946.00;    5.5;   86.00;    8.6;    1.3;    0.8;eor
       3379;20240302;   10;   8.5;   2.1;    9;   0.0;   6;    8.700;   0;   6.2;   8.6;  943.80;    8.2;   80.00;   13.0;    4.3;    2.0;eor
       3379;20240303;   10;  10.2;   2.3;    9;   0.0;   0;    8.400;   0;   7.4;   5.7;  939.40;   10.2;   53.00;   18.9;    2.0;    0.2;eor
       3379;20240304;   10;   8.5;   2.7;    9;   0.0;   0;    0.000;   0;   6.9;   7.5;  947.30;    7.4;   73.00;    9.6;    4.5;    1.7;eor
       3379;20240305;   10;   7.7;   2.1;    9;   7.5;   6;    0.000;   0;   8.0;   8.2;  952.60;    7.1;   82.00;    9.7;    5.4;    5.3;eor
       3379;20240306;   10;   5.7;   1.9;    9;   6.3;   6;    0.000;   0;   7.9;   7.8;  956.60;    4.8;   91.00;    5.8;    3.2;    3.2;eor
       3379;20240307;   10;   8.2;   2.4;    9;   0.0;   0;    0.300;   0;   6.2;   6.4;  957.20;    3.9;   79.00;    6.8;    0.9;   -0.7;eor
       3379;20240308;   10;   9.6;   3.3;    9;   0.0;   0;    8.800;   0;   2.0;   5.7;  949.70;    4.0;   72.00;    9.9;   -0.4;   -1.6;eor
       3379;20240309;   10;   7.4;   2.1;    9;   0.0;   0;    8.800;   0;   5.7;   6.2;  942.10;    7.9;   60.00;   16.1;   -0.2;   -2.0;eor
       3379;20240310;   10;  17.5;   3.7;    9;   0.1;   6;    2.700;   0;   7.6;   6.4;  934.90;   10.9;   51.00;   18.8;    5.7;    2.7;eor
       3379;20240311;   10;   5.8;   1.8;    9;   0.0;   6;    6.900;   0;   5.7;   6.6;  945.00;    8.3;   62.00;   13.0;    2.4;   -0.4;eor
       3379;20240312;   10;  12.0;   3.6;    9;   2.3;   6;    1.200;   0;   7.5;   7.4;  954.70;    7.3;   72.00;   10.2;    5.8;    4.6;eor
       3379;20240313;   10;   7.1;   2.4;    9;   0.3;   6;    0.200;   0;   7.8;   8.7;  956.50;    7.5;   84.00;   10.7;    4.3;    4.1;eor
       3379;20240314;   10;   4.5;   1.5;    9;   0.0;   0;    8.100;   0;   7.8;   9.4;  954.50;   10.9;   74.00;   16.5;    5.8;    3.8;eor
       3379;20240315;   10;  14.1;   3.3;    9;   1.8;   6;    5.300;   0;   7.6;   9.2;  953.50;   12.0;   66.00;   17.5;    8.4;    5.6;eor
       3379;20240316;   10;  14.2;   4.5;    9;   2.3;   6;    2.800;   0;   7.2;   9.2;  958.10;    9.8;   76.00;   13.4;    7.5;    5.8;eor
       3379;20240317;   10;   5.9;   1.5;    9;   0.0;   6;    3.400;   0;   7.5;   8.7;  960.20;   10.3;   71.00;   14.1;    6.6;    4.7;eor
       3379;20240318;   10;   7.9;   2.2;    9;   9.7;   6;    0.000;   0;   7.8;   9.9;  955.00;    9.6;   83.00;   11.6;    7.5;    7.3;eor
       3379;20240319;   10;   6.0;   1.8;    9;   0.0;   0;    5.700;   0;   6.9;   8.9;  958.00;   10.1;   74.00;   15.0;    7.1;    4.2;eor
       3379;20240320;   10;   5.8;   1.6;    9;   0.0;   0;   10.300;   0;   7.4;   7.8;  958.50;   10.4;   65.00;   17.3;    3.3;    1.5;eor
       3379;20240321;   10;  13.5;   2.9;    9;   5.5;   6;    2.100;   0;   7.4;   9.7;  960.30;   10.1;   78.00;   14.7;    7.3;    4.8;eor
       3379;20240322;   10;   8.0;   2.4;    9;   0.0;   0;    9.300;   0;   7.7;   8.4;  957.50;   12.1;   62.00;   17.8;    6.4;    4.5;eor
       3379;20240323;   10;  16.0;   4.1;    9;   9.3;   6;    2.100;   0;   5.9;   7.5;  949.60;    8.0;   70.00;   14.5;    3.0;    2.0;eor
       3379;20240324;   10;  17.2;   4.7;    9;   3.3;   8;    2.700;   0;   7.4;   6.3;  947.80;    3.6;   81.00;    6.1;    1.9;    0.7;eor
       3379;20240325;   10;  12.1;   3.7;    9;   0.0;   0;    9.800;   0;   5.4;   5.4;  945.20;    6.3;   59.00;   11.6;    2.4;    1.0;eor
       3379;20240326;   10;   7.7;   2.4;    9;   0.0;   0;    8.300;   0;   6.8;   6.6;  933.90;    8.3;   62.00;   15.4;    0.9;   -1.1;eor
       3379;20240327;   10;  17.3;   3.5;    9;   6.6;   6;    4.200;   0;   7.7;   7.7;  927.40;   10.4;   66.00;   22.2;    4.0;    3.4;eor
       3379;20240328;   10;  15.0;   3.5;    9;   1.4;   6;    4.200;   0;   4.1;   6.7;  935.60;    6.4;   70.00;   12.0;    3.2;    1.2;eor
       3379;20240329;   10;  12.1;   4.0;    9;   0.0;   0;    7.300;   0;   6.7;   6.5;  940.40;   13.7;   45.00;   23.0;    3.8;    2.1;eor
       3379;20240330;   10;  12.5;   3.7;    9;   0.0;   0;    7.300;   0;   6.4;   5.9;  939.40;   17.7;   30.00;   24.0;   11.1;    9.5;eor
       3379;20240331;   10;  12.2;   2.7;    9;   0.0;   0;    4.700;   0;   7.0;   7.9;  938.20;   14.5;   51.00;   22.5;    7.6;    5.8;eor
       3379;20240401;   10;  19.5;   4.8;    9;   0.7;   6;    0.000;   0;   7.9;   7.4;  939.50;   11.1;   57.00;   16.4;    7.7;    6.5;eor
       3379;20240402;   10;  17.1;   5.5;    9;   0.0;   6;    7.200;   0;   5.0;   6.8;  950.90;    9.6;   57.00;   13.4;    7.3;    5.4;eor
       3379;20240403;   10;   9.7;   2.8;    9;   2.9;   6;    1.400;   0;   6.5;   7.5;  950.90;    9.2;   64.00;   14.0;    5.2;    3.2;eor
       3379;20240404;   10;  16.6;   4.6;    9;   3.7;   6;    3.900;   0;   7.4;   9.1;  954.30;   13.3;   61.00;   17.6;   10.4;    8.8;eor
       3379;20240405;   10;  12.4;   2.6;    9;   0.0;   6;    6.900;   0;   7.6;   9.8;  956.10;   17.0;   55.00;   24.5;   10.4;    9.4;eor
       3379;20240406;   10;   7.2;   2.0;    9;   0.0;   0;   11.500;   0;   6.5;   8.9;  957.10;   19.9;   41.00;   27.1;   12.6;   10.0;eor
       3379;20240407;   10;  10.1;   2.5;    9;   0.0;   0;    6.700;   0;   6.8;   8.6;  956.80;   19.4;   40.00;   26.5;   12.0;    9.5;eor
       3379;20240408;   10;   7.6;   2.3;    9;   0.0;   0;    8.500;   0;   3.1;   9.4;  950.90;   20.8;   40.00;   28.9;   13.2;   11.0;eor
       3379;20240409;   10;  15.1;   4.2;    9;   3.6;   6;    0.900;   0;   6.8;   8.4;  953.10;   14.5;   55.00;   21.1;    5.9;    5.5;eor
       3379;20240410;   10;   6.4;   2.1;    9;   0.0;   6;    2.400;   0;   6.9;   7.4;  966.40;    8.0;   71.00;   11.9;    4.9;    4.0;eor
       3379;20240411;   10;   6.3;   1.7;    9;   0.0;   0;   10.400;   0;   1.0;   8.2;  970.60;    9.7;   70.00;   15.6;    3.4;    2.3;eor
       3379;20240412;   10;   5.6;   1.6;    9;   0.0;   0;   12.300;   0;   4.5;   9.6;  970.10;   13.3;   65.00;   20.0;    5.9;    4.8;eor
       3379;20240413;   10;   6.1;   1.6;    9;   0.0;   0;   11.200;   0;   6.5;  10.9;  966.00;   16.6;   61.00;   25.0;    8.0;    6.7;eor
       3379;20240414;   10;  10.5;   2.9;    9;   0.4;   6;   12.000;   0;   7.5;  10.7;  959.30;   18.7;   52.00;   25.6;    9.7;    8.2;eor
       3379;20240415;   10;  19.0;   3.5;    9;   9.5;   6;    1.900;   0;   7.5;  11.3;  949.10;   13.7;   72.00;   16.1;    5.4;    5.3;eor
       3379;20240416;   10;  19.7;   6.5;    9;   8.9;   8;    4.200;   0;   6.7;   6.2;  946.80;    6.9;   64.00;   11.4;    2.7;    2.7;eor
       3379;20240417;   10;  11.5;   3.2;    9;   4.9;   8;    1.500;   0;   7.5;   7.0;  947.20;    4.3;   84.00;    9.4;    1.1;    0.4;eor
       3379;20240418;   10;   8.8;   2.4;    9;   4.2;   8;    3.200;   0;   7.1;   6.7;  953.20;    3.6;   85.00;    8.4;    0.9;    0.2;eor
       3379;20240419;   10;  18.4;   5.8;    9;   2.0;   6;    1.100;   0;   7.7;   6.7;  951.90;    4.5;   80.00;    7.1;    2.5;    1.6;eor
       3379;20240420;   10;  12.1;   4.0;    9;   1.4;   6;    3.100;   0;   7.5;   6.5;  954.20;    4.3;   78.00;    8.3;    2.5;    1.5;eor
       3379;20240421;   10;   8.5;   2.3;    9;   7.7;   8;    0.700;   0;   7.7;   6.7;  955.20;    3.2;   87.00;    6.3;    0.5;    0.1;eor
       3379;20240422;   10;  10.0;   3.6;    9;   0.1;   8;    0.600;   0;   7.7;   5.6;  956.10;    3.7;   72.00;    6.8;    0.4;    0.1;eor
       3379;20240423;   10;   8.9;   3.1;    9;   0.7;   8;    0.000;   0;   7.5;   6.2;  952.70;    2.5;   84.00;    3.6;    1.3;    1.0;eor
       3379;20240424;   10;  12.3;   3.5;    9;   1.0;   6;    3.100;   0;   7.0;   6.2;  948.00;    4.5;   74.00;    9.3;    2.0;    0.7;eor
       3379;20240425;   10;  11.2;   3.2;    9;   0.0;   6;    5.000;   0;   6.6;   5.8;  946.90;    5.6;   65.00;   10.1;    2.0;    0.8;eor
       3379;20240426;   10;   7.8;   2.0;    9;   0.0;   0;   10.000;   0;   4.3;   5.9;  946.20;    9.5;   54.00;   17.3;    0.7;   -0.6;eor
       3379;20240427;   10;   7.9;   2.5;    9;   0.0;   0;   12.500;   0;   2.9;   6.2;  948.40;   13.7;   44.00;   21.5;    3.6;    1.8;eor
       3379;20240428;   10;   8.9;   2.7;    9;   0.0;   0;    7.000;   0;   7.6;   8.0;  952.10;   16.9;   44.00;   24.9;   10.8;    8.1;eor
       3379;20240429;   10;   7.5;   2.2;    9;   0.0;   0;   12.900;   0;   6.4;   9.9;  958.40;   15.9;   58.00;   22.8;    7.9;    6.6;eor
       3379;20240430;   10;   9.6;   2.3;    9;   0.0;   0;   11.500;   0;   3.2;   9.0;  953.50;   20.1;   43.00;   28.3;   10.1;    8.8;eor
       3379;20240501;   10;  10.9;   3.2;    9;   0.0;   0;   12.200;   0;   4.4;  10.0;  945.20;   18.4;   49.00;   25.1;    9.7;    8.0;eor
       3379;20240502;   10;  11.6;   3.0;    9;   1.0;   6;    3.900;   0;   6.4;  10.3;  940.50;   15.9;   58.00;   24.1;   10.9;   10.0;eor
       3379;20240503;   10;  11.9;   3.8;    9;   0.7;   6;    0.000;   0;   7.8;   9.5;  952.50;   11.0;   73.00;   12.6;    9.1;    8.6;eor
       3379;20240504;   10;   8.5;   2.3;    9;   0.0;   0;   11.200;   0;   6.2;  10.2;  953.80;   13.4;   68.00;   19.4;    7.1;    6.1;eor
       3379;20240505;   10;  12.4;   2.8;    9;   0.6;   6;    6.700;   0;   7.9;  11.2;  951.00;   15.1;   67.00;   21.0;   10.2;    8.7;eor
       3379;20240506;   10;  17.2;   2.6;    9;  24.9;   6;    8.000;   0;   6.9;  11.7;  948.60;   14.4;   74.00;   22.7;    9.2;    8.0;eor
       3379;20240507;   10;   6.8;   2.5;    9;   3.5;   6;    0.300;   0;   8.0;  11.6;  953.60;   13.0;   78.00;   16.9;   10.7;   10.0;eor
       3379;20240508;   10;   5.8;   2.4;    9;   6.2;   6;    0.000;   0;   7.8;  11.5;  960.60;   10.0;   93.00;   10.8;    9.3;    9.6;eor
       3379;20240509;   10;   5.7;   1.9;    9;   0.0;   0;    6.600;   0;   5.0;  10.6;  962.60;   12.6;   75.00;   17.6;    7.3;    6.4;eor
       3379;20240510;   10;   8.1;   2.0;    9;   0.0;   0;   13.800;   0;   3.4;   9.7;  960.40;   13.4;   67.00;   20.4;    5.9;    4.9;eor
       3379;20240511;   10;   9.0;   2.3;    9;   0.0;   0;   14.100;   0;   5.8;   9.7;  959.00;   14.7;   62.00;   21.8;    6.9;    5.8;eor
       3379;20240512;   10;   9.4;   2.4;    9;   0.0;   0;   14.400;   0;   1.0;  10.1;  956.20;   16.4;   58.00;   23.1;    7.8;    6.7;eor
       3379;20240513;   10;   7.1;   1.9;    9;   0.0;   0;   11.100;   0;   1.9;  11.4;  952.60;   16.8;   63.00;   23.4;    9.2;    8.1;eor
       3379;20240514;   10;  11.3;   3.6;    9;   0.0;   0;   14.500;   0;   0.7;  11.4;  947.30;   17.5;   59.00;   24.2;    9.7;    8.6;eor
       3379;20240515;   10;  11.5;   2.3;    9;   2.0;   6;    7.400;   0;   7.8;  11.8;  944.90;   16.9;   63.00;   23.7;   10.2;    9.6;eor
       3379;20240516;   10;   9.8;   2.7;    9;   4.0;   6;    8.200;   0;   6.9;  11.9;  943.90;   17.7;   60.00;   24.1;   13.0;   12.5;eor
       3379;20240517;   10;  14.0;   4.4;    9;   0.0;   6;    1.200;   0;   8.0;  10.6;  947.00;   12.9;   71.00;   15.5;    9.8;    9.2;eor
       3379;20240518;   10;  15.8;   3.3;    9;  10.2;   6;    9.700;   0;   5.7;  10.7;  950.60;   16.1;   61.00;   22.4;   10.7;   10.0;eor
       3379;20240519;   10;  11.2;   2.2;    9;   2.6;   6;   10.600;   0;   5.8;  11.9;  951.10;   16.1;   68.00;   21.7;   11.2;   10.5;eor
       3379;20240520;   10;   8.5;   2.6;    9;   0.6;   6;   14.000;   0;   4.1;  11.8;  949.30;   18.0;   60.00;   24.0;    9.7;    9.0;eor
       3379;20240521;   10;  10.9;   3.3;    9;   5.8;   6;    0.100;   0;   7.9;  13.3;  946.40;   14.4;   81.00;   16.6;   12.2;   11.7;eor
       3379;20240522;   10;  13.4;   3.1;    9;   1.3;   6;    5.300;   0;   6.8;  12.3;  951.40;   14.8;   74.00;   19.7;   11.8;   11.0;eor
       3379;20240523;   10;  13.5;   2.5;    9;  16.8;   6;    4.600;   0;   6.9;  11.9;  955.00;   14.0;   77.00;   21.3;    9.3;    8.4;eor
       3379;20240524;   10;  13.6;   2.4;    9;   8.7;   6;    8.000;   0;   7.0;  11.3;  956.50;   14.0;   73.00;   20.1;    8.8;    7.7;eor
       3379;20240525;   10;   5.6;   1.5;    9;   0.0;   6;    4.800;   0;   6.9;  11.7;  956.90;   14.0;   75.00;   20.0;    9.2;    8.6;eor
       3379;20240526;   10;   7.0;   1.9;    9;   0.0;   6;   10.900;   0;   4.4;  12.1;  957.40;   17.4;   63.00;   23.4;    9.7;    8.8;eor
       3379;20240527;   10;  11.2;   2.5;    9;  25.0;   6;    6.700;   0;   7.5;  13.3;  956.80;   17.4;   69.00;   22.7;   13.3;   12.9;eor
       3379;20240528;   10;   9.3;   2.6;    9;   0.0;   6;    3.400;   0;   6.7;  11.8;  958.50;   13.8;   76.00;   16.7;   10.5;    9.2;eor
       3379;20240529;   10;  12.3;   2.3;    9;   7.8;   6;    7.500;   0;   7.7;  10.7;  954.00;   15.7;   63.00;   22.1;    9.5;    8.5;eor
       3379;20240530;   10;  14.1;   2.6;    9;  16.6;   6;    3.800;   0;   7.7;  13.6;  946.70;   14.9;   81.00;   20.8;   12.5;   12.1;eor
       3379;20240531;   10;  10.8;   3.5;    9;  66.9;   6;    0.000;   0;   7.7;  12.0;  946.70;   10.9;   92.00;   12.6;    9.5;    9.6;eor
       3379;20240601;   10;  14.9;   5.7;    9;  42.5;   6;    0.000;   0;   7.6;  12.7;  951.30;   11.5;   94.00;   12.4;   10.2;   10.1;eor
       3379;20240602;   10;   8.0;   2.2;    9;   1.5;   6;    2.100;   0;   6.9;  13.8;  956.30;   13.9;   87.00;   19.3;   11.3;   11.2;eor
       3379;20240603;   10;   8.4;   2.7;    9;  14.0;   6;    0.100;   0;   7.8;  14.8;  955.30;   14.2;   91.00;   16.1;   12.9;   12.9;eor
       3379;20240604;   10;   6.1;   1.7;    9;   0.0;   0;    9.700;   0;   4.1;  12.5;  953.90;   16.4;   69.00;   21.5;   12.2;   11.2;eor
       3379;20240605;   10;  12.8;   3.3;    9;   0.0;   6;    8.700;   0;   6.1;  13.2;  953.60;   19.0;   62.00;   24.7;   12.3;   11.1;eor
       3379;20240606;   10;  11.0;   2.2;    9;   0.9;   6;   10.900;   0;   5.5;  14.9;  955.80;   19.8;   67.00;   26.3;   13.4;   12.3;eor
       3379;20240607;   10;   8.0;   2.0;    9;   2.6;   6;    7.000;   0;   5.2;  16.1;  956.80;   18.5;   76.00;   23.3;   15.1;   14.2;eor
       3379;20240608;   10;  16.2;   2.5;    9;   7.1;   6;    8.700;   0;   6.2;  15.9;  952.70;   19.3;   74.00;   27.2;   13.6;   12.7;eor
       3379;20240609;   10;   6.7;   1.8;    9;  13.3;   6;    1.900;   0;   7.6;  17.1;  948.10;   17.9;   84.00;   21.9;   15.4;   15.2;eor
       3379;20240610;   10;   9.4;   2.9;    9;   0.8;   6;    5.600;   0;   6.5;  13.4;  947.20;   17.0;   71.00;   21.6;   13.6;   13.7;eor
       3379;20240611;   10;  10.1;   2.4;    9;   0.0;   6;    0.000;   0;   8.0;   9.4;  954.00;   12.1;   67.00;   15.1;   10.0;    9.7;eor
       3379;20240612;   10;   7.1;   1.9;    9;   0.0;   0;    4.500;   0;   7.0;   9.8;  956.10;   14.1;   62.00;   18.6;   10.7;   10.2;eor
       3379;20240613;   10;   8.7;   2.3;    9;   0.0;   6;   11.300;   0;   4.6;  10.1;  956.00;   14.7;   62.00;   19.4;   10.9;   10.1;eor
       3379;20240614;   10;  10.6;   2.3;    9;   0.0;   6;    4.100;   0;   7.1;  11.4;  952.90;   16.2;   63.00;   21.9;    9.1;    8.6;eor
       3379;20240615;   10;  13.8;   3.0;    9;   0.1;   6;    2.300;   0;   7.7;  13.1;  949.90;   16.0;   72.00;   19.3;   13.3;   12.2;eor
       3379;20240616;   10;   6.8;   2.0;    9;   0.3;   6;    5.400;   0;   6.6;  12.6;  951.50;   18.1;   62.00;   23.2;   13.5;   13.0;eor
       3379;20240617;   10;  13.1;   2.4;    9;   2.9;   6;    7.900;   0;   7.5;  14.4;  954.60;   20.1;   64.00;   27.6;   13.6;   12.8;eor
       3379;20240618;   10;   6.9;   2.2;    9;   0.0;   0;   14.100;   0;   5.6;  17.1;  954.20;   22.8;   65.00;   30.3;   14.5;   13.8;eor
       3379;20240619;   10;   8.5;   2.6;    9;   0.0;   0;   14.700;   0;   2.4;  17.2;  954.40;   24.1;   58.00;   30.0;   18.3;   16.7;eor
       3379;20240620;   10;   6.0;   2.0;    9;   0.0;   6;    6.700;   0;   5.7;  19.5;  957.90;   21.7;   75.00;   26.0;   16.6;   16.5;eor
       3379;20240621;   10;  17.6;   3.2;    9;  21.0;   6;    2.800;   0;   7.7;  17.8;  954.90;   19.5;   79.00;   24.3;   13.6;   13.1;eor
       3379;20240622;   10;  12.5;   3.2;    9;  18.1;   6;    8.700;   0;   6.1;  13.7;  954.90;   17.0;   73.00;   23.9;   12.2;   12.3;eor
       3379;20240623;   10;   7.3;   2.2;    9;   0.0;   6;    5.300;   0;   5.4;  14.2;  957.40;   16.1;   79.00;   22.2;   11.9;   12.1;eor
       3379;20240624;   10;  11.8;   3.4;    9;   0.0;   0;   14.000;   0;   1.6;  15.3;  956.50;   21.1;   64.00;   26.0;   15.0;   14.3;eor
       3379;20240625;   10;  10.6;   3.7;    9;   0.0;   0;   15.300;   0;   0.9;  15.9;  952.20;   21.9;   61.00;   27.7;   15.9;   14.6;eor
       3379;20240626;   10;  10.1;   2.6;    9;   9.1;   6;    7.400;   0;   6.8;  17.6;  950.50;   20.2;   75.00;   27.7;   16.4;   16.0;eor
       3379;20240627;   10;   9.1;   2.7;    9;   0.0;   6;    7.500;   0;   6.1;  18.2;  952.00;   21.9;   70.00;   26.7;   16.3;   15.7;eor
       3379;20240628;   10;  10.2;   2.9;    9;   0.0;   0;   12.400;   0;   5.0;  19.0;  956.10;   24.5;   64.00;   30.0;   19.9;   18.6;eor
       3379;20240629;   10;   8.1;   2.2;    9;   0.0;   0;   10.100;   0;   4.4;  20.7;  952.70;   26.5;   62.00;   33.7;   18.6;   17.8;eor
       3379;20240630;   10;  12.8;   3.8;    9;   0.1;   6;    2.100;   0;   7.8;  16.7;  950.60;   21.8;   64.00;   25.5;   16.3;   16.6;eor
       3379;20240701;   10;  14.6;   2.5;    9;   8.3;   6;    5.100;   0;   7.6;  14.6;  954.40;   17.4;   75.00;   23.7;   14.3;   14.1;eor
       3379;20240702;   10;   8.8;   2.8;    9;   3.5;   6;    2.500;   0;   7.5;  12.6;  954.50;   15.8;   72.00;   19.5;   12.4;   12.1;eor
       3379;20240703;   10;   8.8;   2.8;    9;   7.0;   6;    1.900;   0;   7.8;  13.7;  950.90;   13.9;   86.00;   18.0;   11.3;   11.3;eor
       3379;20240704;   10;  15.0;   4.0;    9;   0.6;   6;    4.600;   0;   7.7;  12.7;  951.90;   16.4;   70.00;   22.3;   11.4;   11.1;eor
       3379;20240705;   10;   9.8;   2.6;    9;   0.0;   6;   10.800;   0;   7.2;  14.1;  953.70;   19.9;   63.00;   25.3;   14.7;   13.6;eor
       3379;20240706;   10;  15.7;   2.3;    9;  17.6;   6;    9.200;   0;   5.8;  16.8;  948.70;   21.3;   71.00;   32.0;   15.7;   15.0;eor
       3379;20240707;   10;   8.8;   1.7;    9;   6.7;   6;    0.000;   0;   8.0;  14.7;  955.00;   15.1;   86.00;   16.6;   12.9;   12.7;eor
       3379;20240708;   10;   7.6;   2.0;    9;   0.3;   6;    7.700;   0;   5.3;  16.3;  957.50;   19.0;   75.00;   24.0;   15.5;   14.9;eor
       3379;20240709;   10;   8.7;   2.1;    9;   0.5;   6;   13.700;   0;   4.0;  19.1;  956.40;   23.4;   69.00;   30.5;   14.6;   14.0;eor
       3379;20240710;   10;  13.4;   2.4;    9;   1.6;   6;    8.200;   0;   5.7;  20.2;  956.90;   22.8;   74.00;   29.0;   19.6;   18.7;eor
       3379;20240711;   10;   5.4;   1.7;    9;   0.7;   6;    6.000;   0;   6.5;  20.3;  956.90;   22.8;   74.00;   27.9;   18.4;   17.7;eor
       3379;20240712;   10;  14.1;   2.5;    9;   6.3;   6;    6.400;   0;   7.8;  19.2;  951.80;   21.6;   75.00;   26.6;   16.5;   15.8;eor
       3379;20240713;   10;   6.3;   2.0;    9;   0.0;   6;    2.700;   0;   7.7;  15.2;  953.60;   18.0;   74.00;   20.0;   15.9;   15.2;eor
       3379;20240714;   10;   6.9;   1.6;    9;   0.0;   0;    8.300;   0;   6.8;  14.5;  954.20;   21.0;   61.00;   27.3;   15.1;   14.6;eor
       3379;20240715;   10;  16.8;   2.4;    9;  12.8;   6;   14.000;   0;   5.8;  16.4;  952.50;   24.7;   56.00;   31.5;   15.4;   14.5;eor
       3379;20240716;   10;   6.4;   2.2;    9;   0.7;   6;    2.400;   0;   7.5;  19.0;  955.50;   21.2;   76.00;   26.5;   17.8;   17.7;eor
       3379;20240717;   10;   4.9;   1.5;    9;   0.0;   0;    0.600;   0;   7.1;  15.2;  960.60;   20.0;   66.00;   22.6;   16.0;   15.3;eor
       3379;20240718;   10;   9.1;   2.5;    9;   0.0;   0;   13.400;   0;   2.7;  17.5;  960.40;   21.5;   70.00;   27.4;   15.0;   14.0;eor
       3379;20240719;   10;   7.5;   1.6;    9;   0.0;   0;   12.100;   0;   5.7;  17.7;  957.70;   23.9;   62.00;   30.1;   17.0;   16.3;eor
       3379;20240720;   10;   8.9;   2.1;    9;  10.9;   6;    6.500;   0;   6.1;  19.2;  951.90;   22.1;   74.00;   28.7;   18.0;   17.3;eor
       3379;20240721;   10;  12.9;   2.1;    9;   6.9;   6;   10.700;   0;   3.5;  18.7;  949.80;   22.4;   72.00;   30.5;   16.7;   16.1;eor
       3379;20240722;   10;   8.8;   2.6;    9;   3.6;   6;    4.600;   0;   6.4;  19.1;  956.60;   20.6;   79.00;   25.3;   17.3;   16.5;eor
       3379;20240723;   10;  15.9;   2.3;    9;   6.5;   6;    6.800;   0;   6.8;  17.1;  958.90;   20.4;   73.00;   25.6;   16.1;   16.3;eor
       3379;20240724;   10;  10.0;   2.9;    9;   0.0;   0;    9.700;   0;   5.0;  15.2;  958.40;   19.2;   70.00;   23.5;   16.2;   15.5;eor
       3379;20240725;   10;   6.9;   1.6;    9;   0.0;   0;   12.500;   0;   4.3;  13.6;  955.00;   19.6;   62.00;   25.8;   13.9;   13.0;eor
       3379;20240726;   10;   8.6;   2.0;    9;   0.0;   0;   14.100;   0;   7.0;  15.7;  953.00;   22.1;   61.00;   28.1;   14.2;   13.4;eor
       3379;20240727;   10;  10.5;   2.1;    9;   6.4;   6;   12.400;   0;   5.1;  18.2;  954.50;   24.6;   62.00;   31.9;   17.0;   16.5;eor
       3379;20240728;   10;   9.3;   2.3;    9;   3.4;   6;    7.100;   0;   4.6;  17.1;  962.20;   19.4;   77.00;   24.1;   14.0;   13.2;eor
       3379;20240729;   10;   7.3;   1.9;    9;   0.0;   0;   14.700;   0;   0.0;  13.2;  962.00;   19.8;   61.00;   26.7;   12.5;   11.8;eor
       3379;20240730;   10;   6.2;   1.9;    9;   0.0;   0;   14.300;   0;   2.0;  15.4;  958.00;   22.1;   61.00;   30.3;   13.0;   12.0;eor
       3379;20240731;   10;  15.7;   2.3;    9;   5.0;   6;   12.100;   0;   2.5;  18.6;  954.40;   25.3;   62.00;   33.3;   17.8;   17.1;eor
       3379;20240801;   10;  13.3;   2.8;    9;   3.2;   6;    9.200;   0;   6.0;  17.9;  952.70;   22.8;   66.00;   28.4;   18.0;   16.9;eor
       3379;20240802;   10;  10.3;   3.2;    9;  21.7;   6;    6.200;   0;   6.1;  18.9;  951.90;   21.1;   76.00;   24.6;   17.9;   17.1;eor
       3379;20240803;   10;  14.6;   2.2;    9;   4.4;   6;    6.500;   0;   7.2;  18.1;  952.90;   20.4;   77.00;   26.5;   15.9;   15.7;eor
       3379;20240804;   10;  10.5;   2.8;    9;   0.0;   6;    6.800;   0;   7.5;  16.4;  954.90;   20.7;   68.00;   25.1;   16.8;   16.0;eor
       3379;20240805;   10;   6.8;   2.0;    9;   0.0;   6;    6.500;   0;   6.2;  16.1;  955.00;   20.2;   69.00;   24.8;   15.9;   15.2;eor
       3379;20240806;   10;   6.0;   1.8;    9;   0.0;   0;   14.300;   0;   1.3;  16.1;  953.00;   22.2;   63.00;   29.0;   14.6;   14.0;eor
       3379;20240807;   10;  13.4;   2.4;    9;   4.4;   6;    8.000;   0;   4.8;  17.5;  953.40;   22.2;   66.00;   27.9;   17.8;   17.0;eor
       3379;20240808;   10;   6.0;   1.6;    9;   4.8;   6;    2.800;   0;   6.8;  18.9;  956.60;   19.6;   83.00;   24.5;   16.6;   16.1;eor
       3379;20240809;   10;   7.8;   1.8;    9;   0.0;   0;   12.600;   0;   5.8;  17.0;  958.50;   21.5;   69.00;   27.7;   14.4;   13.8;eor
       3379;20240810;   10;   7.8;   1.8;    9;   0.0;   0;   11.800;   0;   2.9;  18.3;  960.90;   23.7;   64.00;   29.3;   19.1;   18.1;eor
       3379;20240811;   10;   6.4;   1.9;    9;   0.0;   0;   13.800;   0;   2.1;  19.1;  959.50;   24.3;   66.00;   31.3;   17.0;   16.3;eor
       3379;20240812;   10;   7.8;   1.6;    9;   0.0;   0;   11.000;   0;   6.3;  20.6;  954.20;   25.5;   64.00;   31.7;   18.4;   17.8;eor
       3379;20240813;   10;  15.9;   2.7;    9;   1.2;   6;   10.900;   0;   2.8;  19.3;  952.00;   24.8;   64.00;   32.6;   18.9;   18.0;eor
       3379;20240814;   10;  15.2;   2.5;    9;   4.1;   6;   10.900;   0;   4.2;  18.7;  953.00;   23.0;   69.00;   31.0;   17.1;   16.2;eor
       3379;20240815;   10;   6.6;   1.8;    9;   0.0;   0;   13.100;   0;   4.1;  19.5;  957.40;   22.4;   74.00;   28.2;   16.7;   16.1;eor
       3379;20240816;   10;   6.5;   1.4;    9;   0.5;   6;    9.300;   0;   5.5;  20.8;  956.60;   24.5;   69.00;   29.8;   19.0;   18.4;eor
       3379;20240817;   10;   7.6;   1.7;    9;   2.4;   6;    5.100;   0;   7.2;  20.6;  953.80;   22.4;   76.00;   26.1;   19.1;   19.0;eor
       3379;20240818;   10;  11.3;   2.7;    9;  54.5;   6;    0.300;   0;   7.7;  20.0;  949.90;   19.1;   90.00;   21.9;   16.3;   16.3;eor
       3379;20240819;   10;   8.8;   2.7;    9;   5.7;   6;    0.000;   0;   7.8;  16.8;  955.80;   15.7;   94.00;   17.0;   14.6;   14.6;eor
       3379;20240820;   10;   6.2;   1.8;    9;   0.0;   6;    1.000;   0;   6.2;  16.7;  953.70;   17.3;   85.00;   20.1;   15.7;   15.1;eor
       3379;20240821;   10;  12.0;   2.7;    9;   0.4;   6;    4.600;   0;   7.0;  15.6;  956.70;   17.7;   77.00;   22.2;   12.5;   11.8;eor
       3379;20240822;   10;   5.4;   1.5;    9;   0.0;   0;   12.300;   0;   5.5;  14.6;  955.00;   17.7;   74.00;   24.4;   11.2;   10.5;eor
       3379;20240823;   10;   8.1;   2.1;    9;   0.0;   0;   12.500;   0;   3.8;  15.1;  954.30;   21.6;   63.00;   29.5;   13.8;   12.6;eor
       3379;20240824;   10;   7.5;   2.1;    9;   0.0;   0;   13.100;   0;   1.5;  16.6;  954.10;   24.1;   59.00;   31.4;   14.8;   13.9;eor
       3379;20240825;   10;  11.7;   2.6;    9;   6.7;   6;    1.000;   0;   7.0;  14.9;  960.40;   16.7;   79.00;   23.6;   11.7;   11.4;eor
       3379;20240826;   10;   5.0;   1.5;    9;   0.6;   6;    0.000;   0;   7.8;  14.6;  961.60;   14.6;   87.00;   16.3;   12.3;   12.4;eor
       3379;20240827;   10;   8.8;   2.4;    9;   0.0;   0;    6.300;   0;   5.0;  16.7;  960.00;   18.3;   80.00;   24.6;   12.9;   12.3;eor
       3379;20240828;   10;-999;   1.4;    9;   0.0;   0;   11.500;   0;   3.6;  18.1;  957.80;   21.3;   77.00;   29.6;   14.3;   13.5;eor
       3379;20240829;   10;   6.6;   1.7;    9;   0.0;   0;   12.900;   0;   0.4;  17.3;  958.50;   22.9;   66.00;   31.2;   15.6;   14.6;eor
       3379;20240830;   10;   6.8;   1.7;    9;   0.0;   0;   12.700;   0;   3.0;  17.8;  957.90;   22.5;   69.00;   30.8;   15.2;   14.3;eor
       3379;20240831;   10;   9.4;   2.3;    9;   0.0;   0;   11.400;   0;   6.0;  18.6;  958.20;   23.1;   68.00;   30.0;   15.7;   15.0;eor
       3379;20240901;   10;   6.1;   2.0;    9;   0.0;   0;    9.400;   0;   5.8;  19.4;  955.20;   23.2;   69.00;   29.5;   17.4;   16.7;eor
       3379;20240902;   10;   8.4;   2.1;    9;   0.0;   6;    8.200;   0;   5.5;  17.8;  954.00;   22.0;   68.00;   27.2;   18.4;   18.5;eor
       3379;20240903;   10;   5.2;   1.5;    9;   0.0;   6;   11.000;   0;   3.9;  17.6;  955.20;   22.8;   65.00;   28.9;   16.8;   16.2;eor
       3379;20240904;   10;  15.0;   2.3;    9;   6.1;   6;    7.500;   0;   6.7;  19.4;  953.50;   22.3;   73.00;   28.6;   17.8;   17.4;eor
       3379;20240905;   10;  10.7;   3.3;    9;   0.0;   6;    9.300;   0;   4.9;  16.3;  947.70;   23.0;   62.00;   30.1;   16.3;   15.2;eor
       3379;20240906;   10;   8.3;   2.0;    9;   0.0;   0;    4.700;   0;   6.0;  17.1;  951.40;   19.6;   76.00;   24.4;   16.5;   15.6;eor
       3379;20240907;   10;   7.5;   1.8;    9;   0.0;   0;   12.400;   0;   0.5;  17.2;  952.30;   20.9;   72.00;   27.9;   14.5;   13.6;eor
       3379;20240908;   10;  13.0;   2.0;    9;  20.4;   6;    4.800;   0;   4.9;  18.4;  949.50;   19.9;   81.00;   25.3;   13.9;   14.0;eor
       3379;20240909;   10;  12.5;   3.7;    9;   2.9;   6;    1.300;   0;   7.0;  14.7;  948.00;   15.5;   84.00;   18.6;   13.8;   13.7;eor
       3379;20240910;   10;  10.8;   3.4;    9;   0.0;   6;    2.800;   0;   6.3;  13.4;  952.70;   15.4;   77.00;   18.6;   12.9;   11.8;eor
       3379;20240911;   10;  13.2;   3.3;    9;   9.1;   6;    5.300;   0;   6.6;  11.9;  949.70;   13.5;   78.00;   18.8;    8.2;    8.3;eor
       3379;20240912;   10;   6.4;   1.9;    9;   4.0;   6;    0.000;   0;   7.8;   9.1;  952.70;    9.2;   79.00;   11.8;    7.4;    7.4;eor
       3379;20240913;   10;  11.2;   2.6;    9;  31.6;   6;    0.000;   0;   7.6;   9.5;  956.40;    7.9;   89.00;    9.9;    6.7;    6.6;eor
       3379;20240914;   10;  11.8;   4.2;    9;  28.9;   6;    0.000;   0;   7.8;   9.2;  963.10;    7.2;   91.00;    8.5;    6.0;    5.8;eor
       3379;20240915;   10;  11.0;   3.2;    9;  12.2;   6;    3.100;   0;   7.5;   9.1;  962.50;    9.5;   77.00;   13.5;    6.9;    6.3;eor
       3379;20240916;   10;  10.5;   3.6;    9;  41.3;   6;    0.000;   0;   7.5;  10.6;  958.80;    8.7;   94.00;    9.9;    8.3;    8.4;eor
       3379;20240917;   10;  10.3;   2.8;    9;   1.0;   6;    5.500;   0;   5.4;  11.5;  959.90;   11.8;   84.00;   16.9;    8.5;    7.5;eor
       3379;20240918;   10;  14.0;   4.1;    9;   0.0;   0;    8.200;   0;   2.8;  12.2;  960.10;   14.7;   75.00;   21.1;    8.5;    7.2;eor
       3379;20240919;   10;  11.5;   3.7;    9;   0.0;   0;   11.500;   0;   0.2;  12.0;  958.00;   15.5;   69.00;   21.0;   10.5;    8.9;eor
       3379;20240920;   10;   7.8;   2.2;    9;   0.0;   0;   11.800;   0;   0.9;  12.1;  959.00;   14.9;   73.00;   21.9;    8.6;    7.4;eor
       3379;20240921;   10;   5.6;   1.5;    9;   0.0;   0;   11.700;   0;   1.1;  12.7;  958.70;   15.2;   76.00;   23.3;    8.5;    7.7;eor
       3379;20240922;   10;   5.4;   1.3;    9;   0.0;   0;    8.600;   0;   6.0;  13.4;  954.90;   15.5;   78.00;   22.8;    8.9;    8.3;eor
       3379;20240923;   10;  10.7;   2.0;    9;  21.5;   6;    5.200;   0;   6.5;  14.4;  950.10;   16.8;   77.00;   22.4;   12.1;   11.0;eor
       3379;20240924;   10;  10.9;   3.7;    9;   0.0;   0;    8.400;   0;   5.0;  12.0;  949.30;   14.9;   73.00;   19.4;   11.6;   11.2;eor
       3379;20240925;   10;   6.9;   2.4;    9;   0.3;   6;    8.600;   0;   5.8;  11.4;  949.60;   16.3;   63.00;   21.6;   11.6;    9.9;eor
       3379;20240926;   10;  11.2;   2.8;    9;   8.1;   6;    0.000;   0;   7.6;  14.1;  943.10;   15.7;   80.00;   20.8;   13.9;   12.2;eor
       3379;20240927;   10;   9.2;   2.8;    9;   7.6;   6;    0.800;   0;   6.5;  12.3;  946.70;   13.8;   78.00;   19.1;   10.9;    9.9;eor
       3379;20240928;   10;   9.9;   3.4;    9;   2.8;   6;    0.700;   0;   7.4;  10.1;  956.90;   10.6;   79.00;   13.5;    7.6;    6.4;eor
       3379;20240929;   10;   9.6;   2.6;    9;   0.0;   0;    8.200;   0;   5.1;   8.2;  964.20;    9.7;   70.00;   14.3;    5.2;    4.3;eor
       3379;20240930;   10;   6.7;   2.2;    9;   2.1;   6;    3.000;   0;   7.7;  10.4;  957.00;   11.5;   76.00;   18.4;    7.0;    6.2;eor
       3379;20241001;   10;   9.5;   2.5;    9;   6.6;   6;    3.400;   0;   7.7;  12.5;  951.70;   14.0;   79.00;   17.3;   11.8;   11.1;eor
       3379;20241002;   10;  16.3;   2.8;    9;   0.5;   6;    3.100;   0;   5.6;  11.5;  947.60;   11.4;   85.00;   14.9;    6.4;    5.8;eor
       3379;20241003;   10;   6.8;   2.0;    9;   3.7;   6;    0.000;   0;   6.4;   9.8;  951.10;    8.2;   90.00;   11.2;    4.6;    3.9;eor
       3379;20241004;   10;   7.3;   2.7;    9;   8.3;   6;    0.000;   0;   7.8;  10.2;  953.40;    8.6;   91.00;   10.0;    7.5;    7.6;eor
       3379;20241005;   10;   5.0;   1.7;    9;   3.0;   6;    0.100;   0;   7.5;  10.2;  954.70;    8.5;   92.00;   10.1;    6.5;    6.0;eor
       3379;20241006;   10;   6.8;   2.1;    9;   2.2;   6;    6.100;   0;   7.0;  10.1;  950.10;   10.2;   81.00;   14.6;    7.3;    6.3;eor
       3379;20241007;   10;   6.0;   1.8;    9;   0.0;   6;    8.000;   0;   5.3;  13.0;  947.50;   15.1;   78.00;   23.3;    9.7;    8.7;eor
       3379;20241008;   10;  12.4;   2.5;    9;  12.2;   6;    3.900;   0;   7.4;  14.0;  943.70;   14.4;   86.00;   20.3;   10.7;    9.8;eor
       3379;20241009;   10;   9.9;   3.3;    9;   0.0;   6;    9.000;   0;   4.8;  12.1;  939.00;   15.4;   71.00;   21.3;    9.6;    8.4;eor
       3379;20241010;   10;  15.9;   3.5;    9;   4.2;   6;    0.200;   0;   7.5;  12.1;  941.00;   13.4;   78.00;   17.7;   10.7;   10.1;eor
       3379;20241011;   10;  13.5;   2.7;    9;   0.4;   6;    1.100;   0;   6.4;  10.0;  954.20;   10.3;   80.00;   12.5;    6.3;    5.2;eor
       3379;20241012;   10;   7.7;   2.3;    9;   0.0;   6;    4.000;   0;   5.8;  10.0;  954.30;   10.1;   81.00;   15.2;    4.9;    3.8;eor
       3379;20241013;   10;  14.2;   3.7;    9;   1.5;   6;    0.700;   0;   7.6;  10.6;  955.60;   11.7;   76.00;   15.5;    8.0;    7.0;eor
       3379;20241014;   10;   7.3;   1.7;    9;   2.1;   6;    2.100;   0;   6.9;  11.4;  957.20;   12.4;   79.00;   18.3;    6.5;    5.8;eor
       3379;20241015;   10;   8.2;   2.3;    9;   0.0;   0;    0.000;   0;   7.9;  13.5;  959.30;   12.8;   91.00;   14.7;   10.7;   11.0;eor
       3379;20241016;   10;   8.0;   2.7;    9;   0.0;   0;    2.700;   0;   7.8;  12.3;  955.10;   12.3;   87.00;   17.2;    9.2;    9.5;eor
       3379;20241017;   10;   6.0;   1.7;    9;   0.0;   0;    9.400;   0;   6.3;  12.9;  954.10;   13.8;   83.00;   21.5;    8.2;    7.3;eor
       3379;20241018;   10;   4.8;   1.3;    9;   0.4;   6;    1.700;   0;   7.0;  12.9;  953.20;   12.0;   92.00;   15.2;    9.0;    8.4;eor
       3379;20241019;   10;   5.7;   1.5;    9;   0.0;   0;    5.000;   0;   7.6;  13.2;  957.90;   13.4;   86.00;   18.4;    8.8;    8.1;eor
       3379;20241020;   10;   4.5;   1.5;    9;   0.0;   0;    0.000;   0;   7.9;  13.0;  961.90;   12.8;   88.00;   14.9;   10.5;    9.7;eor
       3379;20241021;   10;   6.1;   1.6;    9;   0.0;   0;    9.700;   0;   6.8;  13.1;  965.00;   13.0;   88.00;   18.6;    9.9;    9.3;eor
       3379;20241022;   10;   9.6;   2.1;    9;   2.1;   6;    1.200;   0;   7.1;  14.2;  966.50;   14.6;   86.00;   19.8;    8.9;    8.2;eor
       3379;20241023;   10;   7.3;   2.2;    9;   5.5;   6;    0.000;   0;   7.9;  12.8;  969.70;   11.5;   94.00;   12.8;   10.6;   10.5;eor
       3379;20241024;   10;   5.0;   1.6;    9;   0.0;   6;    0.000;   0;   8.0;  12.1;  964.80;   11.4;   90.00;   13.0;   10.3;   10.4;eor
       3379;20241025;   10;   5.6;   1.7;    9;   0.0;   6;    1.000;   0;   8.0;  12.0;  960.80;   11.1;   91.00;   14.2;   10.2;   10.5;eor
       3379;20241026;   10;   7.2;   2.4;    9;   0.0;   0;    0.000;   0;   8.0;  11.8;  957.80;   10.7;   92.00;   12.0;    9.2;    9.6;eor
       3379;20241027;   10;   8.3;   1.8;    9;   0.0;   0;    5.000;   0;   7.0;  11.9;  961.00;   11.3;   89.00;   14.6;    9.2;    8.7;eor
       3379;20241028;   10;   5.3;   1.5;    9;   0.0;   4;    6.000;   0;   5.2;  11.7;  965.40;   10.5;   92.00;   15.3;    8.1;    6.7;eor
       3379;20241029;   10;   4.4;   1.0;    9;   0.1;   4;    9.100;   0;   4.6;  11.6;  965.20;   10.9;   89.00;   17.2;    7.2;    6.6;eor
       3379;20241030;   10;   5.4;   1.7;    9;   0.0;   6;    4.600;   0;   6.6;  11.9;  965.60;   10.7;   93.00;   15.4;    8.3;    8.6;eor
       3379;20241031;   10;   4.1;   1.3;    9;   0.0;   6;    0.000;   0;   8.0;  11.3;  965.80;   10.5;   89.00;   11.5;    9.8;   10.1;eor
       3379;20241101;   10;   4.8;   1.4;    9;   0.1;   6;    7.500;   0;   4.3;  10.3;  963.30;   10.6;   82.00;   17.0;    5.8;    4.2;eor
       3379;20241102;   10;   7.0;   2.1;    9;   0.1;   6;    0.000;   0;   7.9;   9.0;  966.20;    7.7;   86.00;    9.1;    5.7;    4.3;eor
       3379;20241103;   10;   4.8;   1.6;    9;   0.0;   0;    0.000;   0;   8.0;   9.1;  967.30;    8.0;   85.00;    8.7;    7.1;    7.5;eor
       3379;20241104;   10;   5.9;   1.8;    9;   0.0;   0;    1.300;   0;   7.0;   8.6;  965.70;    6.4;   89.00;    9.2;    3.9;    3.1;eor
       3379;20241105;   10;   3.7;   1.4;    9;   0.0;   0;    3.800;   0;   8.0;   8.4;  964.10;    6.1;   90.00;   10.8;    3.2;    4.0;eor
       3379;20241106;   10;   5.0;   1.1;    9;   0.1;   6;    2.900;   0;   6.6;   9.0;  966.80;    6.3;   94.00;    8.6;    2.7;    2.1;eor
       3379;20241107;   10;   4.3;   1.6;    9;   0.1;   6;    0.000;   0;   8.0;   8.9;  968.00;    6.1;   94.00;    7.2;    5.4;    5.5;eor
       3379;20241108;   10;   5.5;   2.0;    9;   0.0;   6;    0.000;   0;   8.0;   7.8;  965.20;    4.7;   91.00;    6.0;    3.8;    4.2;eor
       3379;20241109;   10;   4.3;   1.3;    9;   0.0;   0;    2.100;   0;   7.9;   7.7;  964.20;    4.6;   91.00;    7.5;    3.3;    3.9;eor
       3379;20241110;   10;   3.5;   1.2;    9;   0.0;   6;    0.000;   0;   8.0;   7.4;  964.90;    3.8;   92.00;    5.1;    2.5;    3.0;eor
       3379;20241111;   10;   4.9;   1.5;    9;   0.0;   6;    0.200;   0;   8.0;   6.6;  965.30;    3.1;   87.00;    5.3;    1.5;    1.9;eor
       3379;20241112;   10;   7.4;   2.4;    9;   0.0;   0;    0.000;   0;   8.0;   6.7;  964.40;    2.8;   89.00;    4.1;    1.7;    2.0;eor
       3379;20241113;   10;   6.5;   2.0;    9;   0.6;   8;    0.000;   0;   7.8;   5.8;  966.10;    1.2;   87.00;    2.2;    0.5;    0.2;eor
       3379;20241114;   10;   6.4;   2.3;    9;   0.3;   6;    4.200;   0;   6.9;   6.4;  965.10;    3.6;   81.00;    6.6;    0.9;    1.1;eor
       3379;20241115;   10;   4.7;   1.4;    9;   0.0;   0;    0.100;   0;   6.3;   7.3;  964.00;    4.7;   85.00;    6.9;    0.3;   -1.5;eor
       3379;20241116;   10;   4.4;   1.2;    9;   0.0;   0;    8.900;   0;   2.0;   6.3;  958.30;    2.9;   85.00;   11.1;   -1.4;   -2.9;eor
       3379;20241117;   10;  12.8;   3.2;    9;   4.5;   6;    3.800;   0;   7.3;   7.0;  953.00;    4.1;   87.00;    9.7;   -1.2;   -0.7;eor
       3379;20241118;   10;  17.0;   5.2;    9;   0.8;   6;    2.700;   0;   7.4;   7.6;  951.20;    6.9;   77.00;    9.9;    3.8;    2.3;eor
       3379;20241119;   10;  17.4;   5.3;    9;  12.9;   8;    1.000;   0;   7.8;   8.0;  941.80;    9.8;   67.00;   12.5;    6.5;    5.9;eor
       3379;20241120;   10;  15.2;   4.8;    9;   2.3;   8;    5.000;   0;   6.0;   6.0;  940.40;    2.8;   80.00;    9.7;    0.4;   -0.1;eor
       3379;20241121;   10;  13.7;   4.1;    9;   6.3;   8;    1.200;   0;   7.6;   4.5;  938.50;    1.3;   68.00;    3.7;   -1.2;   -1.1;eor
       3379;20241122;   10;  14.7;   5.1;    9;   0.2;   8;    5.500;   6;   6.2;   4.6;  944.70;   -0.6;   79.00;    1.4;   -2.2;   -3.6;eor
       3379;20241123;   10;  15.7;   4.0;    9;   0.0;   6;    5.600;   4;   7.4;   4.7;  959.90;    2.8;   64.00;    6.3;    0.7;    0.5;eor
       3379;20241124;   10;   5.1;   1.7;    9;   0.1;   6;    4.700;   0;   6.7;   6.4;  959.20;    7.9;   60.00;   15.4;    3.1;    0.9;eor
       3379;20241125;   10;   5.5;   1.8;    9;   2.3;   6;    8.200;   0;   2.9;   7.1;  953.90;    7.5;   71.00;   16.5;    2.0;   -0.9;eor
       3379;20241126;   10;   8.3;   2.7;    9;   0.0;   6;    2.400;   0;   7.0;   8.4;  959.40;    8.6;   75.00;   11.2;    5.5;    3.1;eor
       3379;20241127;   10;   6.8;   1.7;    9;   3.8;   6;    4.800;   0;   6.6;   7.7;  960.10;    6.9;   79.00;   12.2;    3.2;    1.7;eor
       3379;20241128;   10;  13.5;   4.2;    9;   5.5;   6;    0.000;   0;   7.6;   7.7;  961.30;    6.0;   82.00;   11.7;    3.7;    3.0;eor
       3379;20241129;   10;   5.8;   2.1;    9;   0.0;   0;    2.300;   0;   4.6;   6.1;  969.00;    3.1;   79.00;    6.2;   -0.2;   -2.1;eor
       3379;20241130;   10;   5.5;   2.0;    9;   0.0;   0;    6.700;   0;   0.8;   5.5;  967.50;    1.0;   85.00;    5.5;   -2.0;   -4.1;eor
       3379;20241201;   10;   3.2;   1.1;    9;   0.0;   7;    0.200;   0;   7.6;   5.1;  963.50;   -1.5;   94.00;   -0.1;   -3.3;   -4.3;eor
       3379;20241202;   10;   5.3;   1.1;    9;   5.9;   6;    0.500;   0;   7.0;   6.3;  957.70;    2.0;   87.00;    7.3;   -3.5;   -4.2;eor
       3379;20241203;   10;   8.6;   2.7;    9;   2.5;   6;    2.500;   0;   7.2;   7.8;  956.90;    5.7;   85.00;    7.3;    3.5;    3.2;eor
       3379;20241204;   10;   6.5;   1.5;    9;   0.0;   8;    0.000;   0;   7.1;   6.3;  962.50;    2.7;   84.00;    3.7;   -0.1;   -2.2;eor
       3379;20241205;   10;   5.9;   1.8;    9;   2.9;   6;    6.500;   0;   5.4;   5.4;  961.50;    1.9;   78.00;    5.1;   -1.2;   -3.8;eor
       3379;20241206;   10;  21.1;   6.1;    9;   4.9;   6;    0.400;   0;   7.6;   6.7;  950.90;    6.0;   72.00;    8.8;    3.5;    3.2;eor
       3379;20241207;   10;  10.0;   2.9;    9;   2.4;   6;    0.500;   0;   7.8;   6.3;  947.30;    4.7;   74.00;    7.2;    2.0;   -1.1;eor
       3379;20241208;   10;   7.2;   1.8;    9;   6.1;   6;    0.700;   0;   7.7;   6.7;  944.90;    4.1;   82.00;    6.3;    2.6;    0.5;eor
       3379;20241209;   10;   7.8;   3.3;    9;   3.6;   8;    0.000;   0;   7.7;   6.3;  953.70;    1.6;   92.00;    3.0;    0.2;    0.2;eor
       3379;20241210;   10;   9.0;   3.1;    9;   0.1;   6;    0.000;   0;   7.7;   6.0;  960.00;    1.4;   88.00;    2.3;    0.3;    0.2;eor
       3379;20241211;   10;   5.7;   1.9;    9;   0.0;   0;    0.000;   0;   7.9;   6.0;  964.10;    1.9;   86.00;    2.5;    1.2;    1.0;eor
       3379;20241212;   10;   5.6;   2.0;    9;   0.0;   0;    0.000;   0;   8.0;   5.7;  966.10;    1.3;   85.00;    2.1;    0.3;    0.5;eor
       3379;20241213;   10;   6.2;   2.1;    9;   0.0;   6;    0.000;   0;   8.0;   5.3;  964.20;    0.0;   87.00;    0.7;   -0.7;   -0.4;eor
       3379;20241214;   10;  10.3;   2.9;    9;   0.0;   8;    0.000;   0;   8.0;   5.6;  958.80;    1.6;   81.00;    4.4;   -1.3;   -1.8;eor
       3379;20241215;   10;  13.9;   5.1;    9;   0.2;   6;    2.300;   0;   7.3;   5.5;  966.60;    3.5;   70.00;    5.2;    1.6;    1.3;eor
       3379;20241216;   10;  12.4;   4.5;    9;   0.0;   0;    3.800;   0;   4.3;   7.3;  971.10;    7.6;   70.00;   11.8;    4.8;    1.9;eor
       3379;20241217;   10;   6.4;   2.0;    9;   0.0;   0;    5.100;   0;   7.2;   7.5;  967.50;    5.2;   85.00;    8.8;    2.2;   -0.1;eor
       3379;20241218;   10;   6.7;   1.7;    9;   0.0;   6;    1.200;   0;   7.9;   6.2;  960.00;    8.0;   61.00;   12.6;    2.3;    0.8;eor
       3379;20241219;   10;  17.3;   3.6;    9;   4.7;   8;    0.200;   0;   7.4;   7.4;  946.60;    7.5;   71.00;   12.6;    3.2;    1.2;eor
       3379;20241220;   10;  11.4;   3.8;    9;   0.4;   8;    0.000;   0;   7.0;   5.9;  957.70;    1.8;   85.00;    3.3;    0.8;   -0.8;eor
       3379;20241221;   10;  13.2;   4.0;    9;   5.0;   6;    3.500;   0;   5.7;   5.1;  958.80;    3.5;   65.00;    6.9;    0.1;   -1.5;eor
       3379;20241222;   10;  20.3;   5.3;    9;  12.8;   8;    0.600;   0;   6.4;   6.8;  944.50;    3.5;   86.00;    6.5;    0.0;   -1.4;eor
       3379;20241223;   10;   9.1;   3.4;    9;   1.0;   8;    3.300;   0;   7.3;   5.4;  950.70;    1.2;   81.00;    3.1;    0.1;   -0.6;eor
       3379;20241224;   10;   8.4;   2.9;    9;   0.1;   8;    0.000;   0;   7.3;   5.8;  964.60;    1.5;   85.00;    2.4;   -1.1;   -2.7;eor
       3379;20241225;   10;   4.6;   1.5;    9;   0.0;   0;    8.000;   0;   1.1;   4.6;  972.50;   -0.2;   77.00;    4.6;   -2.9;   -4.5;eor
       3379;20241226;   10;   5.8;   2.2;    9;   0.0;   8;    2.200;   0;   6.5;   4.5;  972.60;   -2.8;   91.00;   -0.4;   -4.4;   -4.2;eor
       3379;20241227;   10;   4.4;   1.2;    9;   0.0;   0;    0.000;   0;   7.7;   4.4;  970.30;   -3.3;   92.00;   -2.1;   -5.0;   -5.4;eor
       3379;20241228;   10;   2.8;   0.9;    9;   0.0;   0;    6.200;   0;   3.4;   4.8;  967.60;   -2.1;   92.00;    2.0;   -4.2;   -4.7;eor
       3379;20241229;   10;   4.7;   1.1;    9;   0.0;   8;    8.100;   0;   1.1;   4.8;  966.70;   -1.4;   87.00;    5.9;   -5.1;   -5.8;eor
       3379;20241230;   10;   4.1;   1.2;    9;   0.0;   8;    0.100;   0;   8.0;   4.7;  968.20;   -2.8;   95.00;   -1.7;   -3.8;   -3.4;eor
       3379;20241231;   10;   4.7;   0.9;    9;   0.0;   0;    6.900;   0;   3.9;   4.8;  966.70;   -1.9;   91.00;    2.9;   -4.3;   -4.6;eor
       3379;20250101;    3;  13.1;   3.1;    3;   0.0;   0;    8.100;   0;   5.6;   4.2;  961.40;    4.8;   55.00;   12.7;   -3.2;   -5.5;eor
       3379;20250102;    3;  21.0;   5.4;    3;  15.7;   8;    0.000;   0;   7.6;   5.1;  952.00;    6.3;   57.00;   10.5;    0.3;    0.2;eor
       3379;20250103;    3;  11.0;   3.4;    3;   0.0;   0;    5.100;   2;   3.9;   5.0;  957.50;   -0.7;   85.00;    0.9;   -3.3;   -5.8;eor
       3379;20250104;    3;   5.8;   2.0;    3;  12.5;   8;    6.100;   2;   5.2;   4.0;  957.30;   -2.5;   80.00;    0.2;   -5.4;   -8.6;eor
       3379;20250105;    3;   8.2;   2.7;    3;  11.4;   6;    0.000;   9;   7.7;   7.5;  944.40;    4.2;   89.00;    9.8;   -2.0;   -1.9;eor
       3379;20250106;    3;  11.9;   2.0;    3;   1.1;   6;    5.000;   0;   7.8;   7.4;  938.90;    7.3;   73.00;   13.7;    1.7;   -0.5;eor
       3379;20250107;    3;  20.3;   4.1;    3;   0.9;   6;    2.200;   0;   5.9;   6.4;  945.40;    5.0;   73.00;    8.4;    2.6;    0.5;eor
       3379;20250108;    3;   9.4;   2.2;    3;   8.5;   8;    0.000;   0;   7.5;   6.5;  944.70;    2.6;   88.00;    6.2;    0.9;    0.2;eor
       3379;20250109;    3;  22.3;   4.5;    3;   4.8;   8;    3.800;   0;   7.2;   7.7;  942.80;    8.1;   72.00;   13.7;    0.6;   -0.3;eor
       3379;20250110;    3;  11.4;   3.5;    3;   0.0;   0;    2.800;   0;   4.7;   4.4;  956.10;    0.3;   70.00;    3.0;   -2.4;   -4.7;eor
       3379;20250111;    3;   8.0;   2.8;    3;   0.0;   8;    3.300;   0;   4.0;   4.1;  960.80;   -2.0;   78.00;   -0.8;   -3.6;   -5.3;eor
       3379;20250112;    3;  10.3;   3.2;    3;   0.0;   0;    2.100;   0;   5.9;   4.0;  970.70;   -1.5;   73.00;    0.0;   -2.9;   -5.6;eor
       3379;20250113;    3;   8.2;   2.5;    3;   0.0;   0;    6.700;   0;   3.3;   3.6;  975.30;   -3.0;   74.00;   -0.1;   -5.2;   -6.9;eor
       3379;20250114;    3;   4.3;   1.6;    3;   0.0;   8;    4.900;   0;   4.6;   3.7;  970.80;   -3.3;   78.00;    0.2;   -6.2;   -7.6;eor
       3379;20250115;    3;   5.6;   2.0;    3;   3.5;   8;    0.000;   0;   7.5;   5.3;  967.90;   -0.4;   89.00;    0.6;   -3.3;   -3.1;eor
       3379;20250116;    3;   9.0;   2.6;    3;   0.0;   0;    0.000;   0;   7.9;   5.7;  971.70;    0.7;   89.00;    1.4;   -0.3;   -0.2;eor
       3379;20250117;    3;   6.5;   2.6;    3;   0.0;   6;    0.000;   0;   8.0;   5.4;  971.80;   -0.3;   90.00;    0.2;   -0.9;   -0.7;eor
       3379;20250118;    3;   6.2;   2.0;    3;   0.0;   7;    1.000;   0;   6.0;   4.8;  966.80;   -1.5;   87.00;    0.2;   -3.7;   -4.9;eor
       3379;20250119;    3;   4.2;   1.3;    3;   0.0;   0;    8.300;   0;   3.3;   4.9;  959.00;   -0.6;   85.00;    4.9;   -4.0;   -4.8;eor
       3379;20250120;    3;   3.2;   0.9;    3;   0.0;   0;    5.600;   0;   6.4;   5.5;  956.90;    0.6;   86.00;    7.3;   -3.2;   -4.7;eor
       3379;20250121;    3;   3.4;   1.2;    3;   0.0;   0;    7.700;   0;   5.3;   5.2;  955.20;   -0.7;   90.00;    4.7;   -3.4;   -2.8;eor
       3379;20250122;    3;   5.6;   1.6;    3;   0.0;   0;    4.600;   0;   7.8;   5.1;  949.40;   -0.8;   88.00;    2.6;   -4.2;   -4.2;eor
       3379;20250123;    3;  15.5;   2.9;    3;   0.7;   6;    2.000;   0;   6.7;   6.3;  948.10;    3.1;   82.00;    7.0;   -0.9;   -1.9;eor
       3379;20250124;    3;   6.7;   2.4;    3;   0.0;   0;    5.800;   0;   7.1;   6.0;  952.50;    6.9;   62.00;   13.0;    0.8;   -1.8;eor
       3379;20250125;    3;   8.5;   2.1;    3;   0.0;   0;    2.500;   0;   7.3;   5.8;  949.20;    9.0;   51.00;   16.6;    4.1;    0.4;eor
       3379;20250126;    3;  12.0;   3.0;    3;   0.0;   6;    1.200;   0;   6.5;   6.1;  948.60;    6.3;   65.00;    9.0;    2.2;   -0.9;eor
       3379;20250127;    3;   8.3;   2.4;    3;  11.2;   6;    1.900;   0;   7.5;   7.3;  942.70;    6.6;   75.00;   12.9;    2.1;   -0.4;eor
       3379;20250128;    3;   8.8;   3.1;    3;  15.0;   8;    0.000;   0;   7.3;   7.3;  939.90;    4.1;   89.00;    6.0;    0.9;    0.2;eor
       3379;20250129;    3;  16.5;   4.2;    3;   0.1;   6;    4.600;   0;   5.0;   6.5;  948.30;    5.8;   71.00;    9.8;    2.2;   -1.0;eor
       3379;20250130;    3;   5.4;   1.5;    3;   0.0;   6;    5.000;   0;   7.0;   5.8;  954.00;    3.2;   76.00;    8.3;   -1.2;   -3.1;eor
       3379;20250131;    3;   9.0;   2.4;    3;   0.0;   6;    0.000;   0;   7.8;   6.0;  964.10;    3.1;   79.00;    5.5;    0.9;   -0.1;eor
       3379;20250201;    3;   8.5;   2.5;    3;   0.0;   0;    0.483;   0;   6.2;   5.0;  964.77;    0.9;   77.29;    3.1;   -1.5;   -3.6;eor
       3379;20250202;    3;   5.0;   1.7;    3;   0.0;   0;    0.000;   0;   7.3;   5.2;  961.44;   -0.2;   85.96;    0.7;   -2.1;   -4.0;eor
       3379;20250203;    3;   4.4;   1.4;    3;   0.0;   6;    0.000;   0;   8.0;   5.2;  964.40;   -0.6;   88.08;    0.4;   -1.4;   -1.1;eor
       3379;20250204;    3;   4.2;   1.3;    3;   0.0;   0;    4.267;   0;   6.7;   5.0;  966.74;   -0.4;   85.79;    3.4;   -2.0;   -1.7;eor
       3379;20250205;    3;   5.0;   1.6;    3;   0.0;   6;    7.383;   0;   4.4;   5.0;  973.24;    0.3;   81.96;    5.3;   -2.8;   -3.1;eor
       3379;20250206;    3;   9.7;   3.2;    3;   0.0;   8;    0.000;   0;   8.0;   5.2;  971.73;    0.4;   83.75;    1.4;   -0.7;   -0.4;eor
       3379;20250207;    3;  10.3;   3.0;    3;   0.0;   0;    2.433;   0;   7.9;   5.0;  962.23;    1.2;   75.25;    4.5;   -1.2;   -3.1;eor
       3379;20250208;    3;   7.1;   1.8;    3;   0.0;   0;    8.683;   0;   4.3;   5.2;  959.87;    1.8;   75.50;    9.0;   -3.5;   -5.5;eor
       3379;20250209;    3;   4.8;   1.4;    3;   0.0;   0;    3.383;   0;   7.0;   5.5;  962.94;    1.4;   81.88;    6.3;   -1.9;   -3.8;eor
       3379;20250210;    3;   5.9;   1.5;    3;   0.9;   6;    4.117;   0;   7.0;   5.8;  961.20;    2.0;   82.42;    6.8;   -0.7;   -2.3;eor
       3379;20250211;    3;   5.0;   1.7;    3;   4.2;   6;    0.133;   0;   7.4;   6.1;  959.07;    2.5;   82.71;    4.8;    0.3;   -0.5;eor
       3379;20250212;    3;   8.0;   1.6;    3;   1.8;   6;    0.450;   0;   7.8;   8.4;  955.29;    7.0;   84.08;   11.5;    2.9;    2.4;eor
       3379;20250213;    3;   7.7;   2.7;    3;   3.7;   8;    0.000;   0;   7.7;   7.2;  953.56;    4.2;   86.71;    7.9;    0.4;    0.0;eor
       3379;20250214;    3;   7.7;   2.2;    3;   1.8;   8;    0.000;   0;   7.7;   4.6;  959.12;   -0.7;   78.63;    0.4;   -1.8;   -2.1;eor
       3379;20250215;    3;   7.3;   2.2;    3;   0.0;   0;    3.633;   0;   6.0;   4.3;  958.72;   -1.0;   75.29;    1.5;   -3.3;   -5.1;eor
       3379;20250216;    3;   7.4;   2.7;    3;   1.6;   8;    0.083;   0;   7.7;   4.1;  955.57;   -2.3;   79.63;   -1.1;   -3.0;   -3.4;eor
       3379;20250217;    3;   6.7;   2.4;    3;   0.0;   0;    9.550;   1;   2.4;   3.6;  958.29;   -2.8;   72.63;    0.6;   -5.8;   -9.0;eor
       3379;20250218;    3;   9.4;   3.0;    3;   0.0;   0;    6.917;   0;   3.8;   3.4;  961.35;   -1.8;   64.08;    1.5;   -4.6;   -5.7;eor
       3379;20250219;    3;   7.3;   2.6;    3;   0.0;   0;    9.617;   0;   0.8;   3.3;  962.13;   -2.2;   62.58;    3.1;   -6.5;   -7.6;eor
       3379;20250220;    3;   5.7;   1.4;    3;   0.0;   0;    7.733;   0;   4.7;   5.6;  964.08;    3.4;   70.71;   11.5;   -3.9;   -5.0;eor
       3379;20250221;    3;   7.3;   2.0;    3;   0.0;   0;    9.250;   0;   6.8;   7.3;  962.23;    7.1;   74.00;   15.1;    1.3;   -1.0;eor
       3379;20250222;    3;   5.9;   1.6;    3;   0.0;   0;    9.000;   0;   7.9;   7.3;  959.22;    5.6;   79.83;   13.6;   -0.4;   -1.7;eor
       3379;20250223;    3;   5.6;   1.8;    3;   0.0;   6;    0.250;   0;   7.8;   8.4;  966.52;    8.1;   77.75;   11.2;    5.4;    3.6;eor
       3379;20250224;    3;   6.1;   1.5;    3;   0.0;   6;    6.917;   0;   7.6;   8.5;  962.65;    9.9;   71.25;   14.2;    5.5;    2.7;eor
       3379;20250225;    3;   9.4;   2.0;    3;   5.0;   6;    3.533;   0;   7.9;   8.3;  953.88;   10.0;   67.92;   14.3;    6.4;    4.5;eor
       3379;20250226;    3;  15.4;   4.5;    3;   0.0;   6;    0.233;   0;   7.9;   6.9;  955.51;    5.6;   75.88;    7.3;    4.1;    2.3;eor
       3379;20250227;    3;   9.2;   2.6;    3;   0.4;   6;    3.317;   0;   5.1;   6.3;  956.99;    3.8;   79.00;    7.2;    1.6;   -1.0;eor
       3379;20250228;    3;   9.9;   2.8;    3;   0.0;   6;    0.817;   0;   6.9;   5.9;  959.79;    3.6;   75.33;    6.0;    1.1;   -0.1;eor
       3379;20250301;    3;   6.6;   2.0;    3;   0.0;   0;    3.183;   0;   4.7;   5.5;  965.02;    1.0;   84.88;    4.8;   -1.5;   -2.4;eor
       3379;20250302;    3;   8.6;   2.5;    3;   0.0;   0;   10.783;   0;   1.9;   5.1;  967.84;    2.4;   71.88;    8.8;   -2.5;   -4.7;eor
       3379;20250303;    3;   5.5;   1.6;    3;   0.0;   0;   10.900;   0;   1.8;   4.7;  965.21;    3.4;   62.67;   11.2;   -2.9;   -5.3;eor
       3379;20250304;    3;   5.8;   1.3;    3;   0.0;   0;   10.383;   0;   3.9;   5.1;  963.40;    4.4;   63.17;   12.5;   -1.6;   -3.9;eor
       3379;20250305;    3;   4.5;   1.3;    3;   0.0;   0;   10.967;   0;   0.5;   5.9;  962.85;    6.4;   64.83;   15.4;   -1.3;   -3.5;eor
       3379;20250306;    3;   5.5;   1.5;    3;   0.0;   0;   10.933;   0;   0.0;   6.2;  959.96;    8.3;   60.96;   17.6;    0.0;   -2.4;eor
       3379;20250307;    3;   5.0;   1.3;    3;   0.0;   0;   10.650;   0;   0.0;   5.9;  956.60;    8.0;   59.71;   17.2;    0.6;   -2.2;eor
       3379;20250308;    3;   6.4;   1.5;    3;   0.0;   0;   11.083;   0;   0.4;   5.2;  951.66;    8.5;   51.33;   17.7;    0.2;   -2.4;eor
       3379;20250309;    3;   7.0;   1.7;    3;   0.0;   0;   10.967;   0;   5.4;   5.7;  943.96;   10.1;   50.50;   19.6;    1.1;   -2.0;eor
       3379;20250310;    3;  12.5;   2.7;    3;   0.0;   6;    1.750;   0;   6.3;   7.4;  940.86;    8.8;   64.83;   12.4;    4.7;    1.2;eor
       3379;20250311;    3;   7.4;   1.9;    3;   0.0;   0;    9.767;   0;   6.8;   7.5;  941.23;    9.1;   66.92;   14.9;    2.4;   -0.5;eor
       3379;20250312;    3;   6.4;   2.0;    3;   4.6;   6;    0.750;   0;   7.8;   8.3;  935.94;    6.9;   83.17;   10.3;    4.3;    2.4;eor
       3379;20250313;    3;   7.5;   1.8;    3;  10.2;   8;    0.683;   0;   7.7;   7.6;  935.68;    4.6;   89.38;    6.1;    3.1;    3.1;eor
       3379;20250314;    3;   6.3;   2.0;    3;   0.5;   6;    0.000;   0;   7.8;   6.6;  942.99;    3.9;   81.92;    5.7;    1.4;    1.4;eor
       3379;20250315;    3;  11.7;   4.0;    3;   0.9;   6;    0.000;   0;   7.7;   6.7;  948.31;    3.5;   85.50;    4.2;    2.8;    2.7;eor
       3379;20250316;    1;   9.0;   2.5;    1;   0.3;   6;    0.000;   0;   7.8;   6.6;  952.92;    3.2;   85.71;    4.4;    1.6;    1.7;eor
       3379;20250317;    1;   9.0;   3.1;    1;   0.2;   6;    4.483;   0;   5.2;   4.8;  961.23;    2.6;   65.21;    5.4;   -0.7;   -2.1;eor
       3379;20250318;    1;  12.1;   3.9;    1;   0.0;   0;   11.817;   0;   0.0;   3.4;  964.62;    1.9;   49.33;    7.8;   -2.7;   -4.5;eor
       3379;20250319;    1;   5.6;   1.6;    1;   0.0;   0;   11.817;   0;   0.0;   5.3;  963.98;    5.0;   61.58;   13.7;   -3.1;   -5.4;eor
       3379;20250320;    1;   5.0;   1.5;    1;   0.0;   0;   11.667;   0;   0.7;   6.1;  962.49;    9.8;   55.38;   18.7;   -0.2;   -2.7;eor
       3379;20250321;    1;   9.1;   2.7;    1;   0.0;   0;   10.000;   0;   6.8;   6.7;  955.35;   11.6;   52.46;   19.2;    3.1;    0.2;eor
       3379;20250322;    1;   8.9;   2.6;    1;   0.0;   6;   10.500;   0;   6.4;   7.8;  945.21;   12.4;   55.42;   19.2;    6.7;    5.1;eor
       3379;20250323;    1;  10.3;   2.2;    1;   0.7;   6;    0.700;   0;   7.8;   8.8;  944.05;   10.1;   71.67;   13.8;    7.1;    4.8;eor
       3379;20250324;    1;   6.2;   1.8;    1;   4.4;   6;    2.733;   0;   7.7;   9.3;  951.33;    9.6;   78.25;   13.8;    5.8;    3.5;eor
       3379;20250325;    1;   7.1;   2.0;    1;   3.0;   6;    2.133;   0;   7.1;   9.8;  956.20;    9.7;   81.79;   14.5;    7.4;    5.7;eor
       3379;20250326;    1;   7.3;   2.1;    1;   3.4;   6;    0.450;   0;   7.0;   8.8;  957.32;    7.9;   83.00;   10.7;    6.4;    4.3;eor
       3379;20250327;    1;   6.4;   2.1;    1;   0.6;   6;    0.000;   0;   6.1;   8.1;  957.02;    5.9;   88.00;    8.4;    3.3;    0.4;eor
       3379;20250328;    1;   8.8;   1.9;    1;   3.4;   6;    7.367;   0;   5.3;   7.4;  950.13;    7.4;   74.83;   13.7;    1.3;   -0.8;eor
       3379;20250329;    1;   8.9;   2.6;    1;   4.0;   6;    0.000;   0;   7.8;   9.3;  951.17;    7.7;   88.75;    9.2;    6.1;    6.0;eor
       3379;20250330;    1;  15.6;   4.5;    1;   0.0;   6;    4.083;   0;   7.6;   7.7;  955.40;    9.1;   67.21;   12.5;    6.5;    5.9;eor
       3379;20250331;    1;  13.1;   4.1;    1;   1.6;   6;    0.933;   0;   7.8;   6.9;  959.03;    6.1;   73.13;    8.5;    3.8;    3.6;eor
       3379;20250401;    1;  10.7;   3.1;    1;   0.1;   6;    0.983;   0;   7.4;   7.1;  960.03;    6.2;   75.46;    9.9;    3.5;    2.9;eor
       3379;20250402;    1;  14.7;   4.8;    1;   0.0;   0;   11.533;   0;   3.0;   7.6;  957.85;    9.5;   65.00;   14.4;    4.8;    3.0;eor
       3379;20250403;    1;   9.8;   3.3;    1;   0.0;   0;   12.583;   0;   1.3;   7.4;  959.88;   11.4;   56.21;   18.7;    5.6;    2.9;eor
       3379;20250404;    1;   9.6;   2.5;    1;   0.0;   0;   12.783;   0;   0.0;   7.0;  956.82;   11.5;   54.96;   19.5;    3.8;    1.0;eor
       3379;20250405;    1;  10.7;   2.9;    1;   0.0;   0;    9.833;   0;   3.7;   7.1;  952.60;   11.9;   52.96;   19.6;    4.5;    1.8;eor
       3379;20250406;    1;   8.8;   3.4;    1;   0.0;   0;   12.433;   0;   0.7;   3.5;  958.81;    4.3;   43.38;    8.6;    0.2;   -1.2;eor
       3379;20250407;    1;  10.0;   3.1;    1;   0.0;   0;   12.933;   0;   2.8;   3.8;  961.19;    4.9;   44.63;    9.8;   -0.4;   -2.5;eor
       3379;20250408;    1;   8.6;   2.5;    1;   0.0;   0;   12.700;   0;   0.0;   5.0;  962.47;    7.5;   49.96;   13.5;    0.5;   -1.7;eor
       3379;20250409;    1;   8.1;   2.0;    1;   0.0;   0;    9.967;   0;   3.6;   5.4;  960.24;    7.2;   54.83;   12.4;    1.3;   -0.9;eor
       3379;20250410;    1;   7.8;   2.6;    1;   0.0;   0;    9.617;   0;   4.5;   6.3;  961.94;    9.5;   53.67;   15.4;    4.4;    3.8;eor
       3379;20250411;    1;  10.0;   2.7;    1;   0.0;   0;   12.750;   0;   2.6;   6.7;  958.39;   11.6;   52.21;   19.1;    3.7;    1.4;eor
       3379;20250412;    1;  10.0;   2.5;    1;   0.0;   0;   12.900;   0;   3.9;   7.7;  951.40;   13.7;   52.04;   21.6;    5.1;    2.6;eor
       3379;20250413;    1;   7.9;   2.0;    1;   0.0;   6;    1.167;   0;   7.3;   9.6;  948.25;   14.3;   60.17;   20.3;    9.0;    6.5;eor
       3379;20250414;    1;   7.7;   2.2;    1;   0.0;   0;    6.100;   0;   7.5;  11.1;  947.43;   15.4;   64.63;   20.7;   11.0;    9.2;eor
       3379;20250415;    1;   8.3;   1.9;    1;   0.0;   0;    8.433;   0;   6.6;  10.7;  940.90;   16.3;   60.54;   22.1;   10.4;    7.8;eor
       3379;20250416;    1;  13.9;   3.7;    1;   0.0;   0;    6.300;   0;   6.9;   9.5;  945.13;   17.0;   55.54;   24.6;    8.8;    6.8;eor
       3379;20250417;    1;  10.7;   3.2;    1;   0.0;   6;    4.167;   0;   7.0;  10.3;  945.40;   11.5;   76.04;   17.1;    9.0;    9.2;eor
       3379;20250418;    1;  10.9;   3.2;    1;   0.0;   6;    1.767;   0;   7.8;   8.0;  951.47;    9.1;   69.46;   11.4;    6.7;    5.4;eor
       3379;20250419;    1;   7.9;   2.1;    1;   0.0;   0;   13.267;   0;   2.9;   7.9;  947.74;   13.0;   57.17;   21.1;    3.8;    1.8;eor
       3379;20250420;    1;  16.1;   2.7;    1;   0.0;   6;    8.550;   0;   5.7;   8.2;  946.04;   14.5;   55.42;   23.9;    7.3;    5.3;eor
       3379;20250421;    1;  10.2;   1.8;    1;   0.3;   6;    4.633;   0;   7.9;   8.5;  951.10;   13.3;   57.00;   17.9;    9.4;    9.0;eor
       3379;20250422;    1;-999;-999;    1;   0.0;   0;    4.700;   0;  -999;  -999;    -999;   13.8;-999;   17.2;   10.6;    9.7;eor
       3379;20250423;    1;-999;-999;    1;   2.5;   4;    6.800;   0;  -999;  -999;    -999;   14.5;-999;   20.5;    9.5;    7.5;eor
       3379;20250424;    1;-999;-999;    1;   2.0;   4;    0.200;   0;  -999;  -999;    -999;   11.0;-999;   13.8;    9.8;    9.0;eor
       3379;20250425;    1;   7.9;-999;    1;   0.9;   6;    2.800;   0;  -999;  -999;    -999;   11.0;-999;   15.1;    8.3;    7.8;eor
       3379;20250426;    1;  11.2;   3.3;    1;   0.0;   6;    2.450;   0;   7.2;   9.6;  957.31;   10.6;   76.29;   14.4;    7.8;    7.3;eor
       3379;20250427;    1;   8.1;   2.7;    1;   0.0;   0;   13.550;   0;   7.6;   8.8;  960.08;   12.0;   64.04;   18.0;    6.9;    5.4;eor
       3379;20250428;    1;   7.8;   2.0;    1;   0.0;   0;   13.750;   0;   6.3;  10.0;  962.36;   14.6;   63.42;   22.0;    6.9;    5.8;eor
       3379;20250429;    1;   8.3;   1.9;    1;   0.0;   0;   13.750;   0;   1.0;  10.4;  961.89;   16.2;   60.58;   24.1;    7.8;    6.5;eor
       3379;20250430;    1;   7.9;   1.8;    1;   0.0;   0;   13.533;   0;   1.0;  10.1;  960.50;   16.7;   57.29;   24.4;    8.5;    7.5;eor
       3379;20250501;    1;   8.1;   1.9;    1;   0.0;   0;   14.067;   0;   0.5;   9.6;  958.83;   17.2;   53.79;   25.8;    8.1;    6.6;eor
       3379;20250502;    1;   7.8;   2.0;    1;   0.0;   0;   13.800;   0;   1.7;   9.5;  956.17;   19.9;   45.54;   28.5;    9.9;    8.7;eor
       3379;20250503;    1;  12.3;   3.4;    1;   0.8;   6;    5.067;   0;   6.4;  11.3;  951.30;   18.8;   52.29;   23.5;   14.8;   13.2;eor
       3379;20250504;    1;  15.3;   2.5;    1;  11.0;   6;    0.233;   0;   7.7;  11.4;  948.77;   11.7;   82.83;   15.2;    9.2;    9.3;eor
       3379;20250505;    1;  11.9;   3.8;    1;  14.4;   6;    0.000;   0;   7.5;   9.2;  949.30;    7.1;   91.08;    9.8;    6.0;    6.0;eor
       3379;20250506;    1;   8.1;   2.6;    1;   0.0;   6;    0.000;   0;   7.7;   8.0;  953.30;    8.3;   74.50;   10.8;    5.4;    5.3;eor
       3379;20250507;    1;   9.9;   2.8;    1;   0.2;   6;    4.267;   0;   7.9;   8.0;  952.83;   10.7;   63.96;   14.7;    5.8;    4.9;eor
       3379;20250508;    1;   8.5;   2.5;    1;   0.0;   6;    0.733;   0;   8.0;   8.4;  952.90;    9.8;   69.50;   13.1;    7.6;    6.0;eor
       3379;20250509;    1;  10.6;   3.4;    1;   0.0;   0;   10.200;   0;   4.3;   7.3;  956.18;    9.8;   62.29;   15.1;    5.3;    4.1;eor
       3379;20250510;    1;   8.9;   2.5;    1;   0.0;   0;   14.633;   0;   1.1;   6.7;  957.27;   11.1;   54.17;   18.3;    2.7;    1.8;eor
       3379;20250511;    1;  10.3;   3.0;    1;   0.0;   0;   14.667;   0;   0.3;   7.7;  953.17;   13.6;   52.58;   20.9;    3.7;    2.7;eor
       3379;20250512;    1;   8.1;   2.7;    1;   0.0;   0;   14.733;   0;   1.1;   7.6;  951.75;   13.9;   50.71;   20.0;    6.9;    5.7;eor
       3379;20250513;    1;  10.5;   2.5;    1;   0.0;   0;   14.667;   0;   1.0;   6.8;  955.30;   12.8;   49.00;   19.1;    5.2;    4.3;eor
       3379;20250514;    1;   7.9;   2.0;    1;   0.0;   0;   14.550;   0;   2.6;   7.0;  954.77;   14.7;   46.63;   22.2;    5.6;    4.7;eor
       3379;20250515;    1;  11.7;   3.8;    1;   0.0;   0;    8.033;   0;   4.6;   7.0;  952.82;   13.3;   45.79;   17.4;    6.6;    4.7;eor
       3379;20250516;    1;  12.7;   2.3;    1;   0.1;   6;    5.983;   0;   5.3;   6.3;  955.35;   10.8;   50.08;   15.7;    4.0;    3.0;eor
       3379;20250517;    1;   9.6;   3.1;    1;   0.8;   6;    5.267;   0;   6.8;   8.4;  953.59;   12.6;   58.50;   18.1;    8.8;    7.8;eor
       3379;20250518;    1;  11.6;   3.6;    1;   0.1;   6;    6.017;   0;   5.0;   8.5;  954.14;   13.4;   58.25;   19.3;    8.0;    6.7;eor
       3379;20250519;    1;   7.1;   1.9;    1;   0.0;   0;   14.533;   0;   2.7;   7.8;  956.37;   14.7;   50.17;   21.9;    7.5;    6.2;eor
       3379;20250520;    1;   7.2;   2.1;    1;   0.0;   6;   11.683;   0;   7.3;   8.7;  954.12;   16.3;   49.79;   22.8;    7.3;    6.3;eor
       3379;20250521;    1;   8.0;   2.6;    1;   0.3;   6;    3.117;   0;   7.8;  10.7;  951.88;   16.3;   58.58;   21.4;   13.3;   12.3;eor
       3379;20250522;    1;  10.8;   2.8;    1;   1.4;   6;    0.083;   0;   7.4;  10.5;  950.56;   11.6;   76.96;   14.4;    7.2;    5.7;eor
       3379;20250523;    1;  10.2;   2.4;    1;   1.4;   6;    6.333;   0;   7.0;   7.4;  954.59;   10.9;   58.00;   15.1;    7.6;    6.2;eor
       3379;20250524;    1;   9.3;   2.0;    1;   0.4;   6;   10.350;   0;   5.8;   6.1;  956.81;   11.7;   46.96;   17.3;    4.4;    3.3;eor
       3379;20250525;    1;   9.7;   3.2;    1;   6.4;   6;    0.417;   0;   7.2;  11.6;  955.47;   12.7;   78.17;   16.0;   10.0;    8.8;eor
       3379;20250526;    1;  10.3;   3.1;    1;   2.6;   6;    2.983;   0;   7.5;  12.7;  957.46;   14.3;   78.13;   18.5;   11.1;   10.2;eor
       3379;20250527;    1;   7.8;   2.5;    1;   0.3;   6;    2.767;   0;   7.8;  10.6;  960.00;   14.2;   66.50;   17.7;   10.2;    9.3;eor
